depth	min	max	median	mean
1140	6745	7044	6952	6935
1141	6746	7045	6953	6936
1142	6747	7046	6954	6937
1143	6749	7046	6955	6939
1144	6751	7047	6956	6940
1145	6752	7047	6957	6941
1146	6754	7048	6959	6942
1147	6755	7049	6960	6943
1148	6756	7050	6961	6944
1149	6757	7050	6962	6945
1150	6759	7051	6963	6946
1151	6761	7052	6964	6947
1152	6762	7053	6965	6948
1153	6764	7053	6967	6949
1154	6765	7054	6968	6950
1155	6766	7055	6969	6951
1156	6768	7056	6970	6953
1157	6769	7057	6971	6954
1158	6771	7058	6972	6955
1159	6771	7059	6974	6956
1160	6773	7060	6975	6957
1161	6774	7061	6976	6958
1162	6775	7062	6977	6959
1163	6777	7063	6978	6960
1164	6778	7063	6979	6961
1165	6779	7064	6981	6962
1166	6780	7065	6982	6963
1167	6781	7066	6983	6964
1168	6782	7066	6984	6965
1169	6784	7067	6986	6966
1170	6784	7068	6987	6967
1171	6786	7068	6988	6968
1172	6786	7069	6989	6969
1173	6787	7070	6991	6970
1174	6788	7071	6992	6972
1175	6789	7072	6993	6973
1176	6791	7073	6994	6974
1177	6791	7074	6995	6975
1178	6792	7075	6996	6976
1179	6794	7076	6998	6977
1180	6795	7077	6999	6978
1181	6796	7078	6999	6979
1182	6797	7078	7000	6979
1183	6798	7079	7001	6980
1184	6798	7080	7001	6981
1185	6799	7081	7002	6982
1186	6800	7081	7003	6983
1187	6801	7082	7004	6983
1188	6802	7083	7004	6984
1189	6802	7083	7005	6985
1190	6803	7084	7006	6986
1191	6803	7084	7006	6987
1192	6804	7085	7007	6987
1193	6804	7086	7008	6988
1194	6805	7086	7009	6989
1195	6805	7087	7009	6990
1196	6806	7088	7010	6991
1197	6807	7089	7011	6991
1198	6808	7090	7012	6992
1199	6808	7090	7013	6993
1200	6809	7091	7013	6994
1201	6810	7092	7014	6995
1202	6810	7092	7015	6995
1203	6810	7093	7016	6996
1204	6811	7094	7016	6997
1205	6812	7094	7017	6998
1206	6813	7096	7018	6998
1207	6814	7096	7018	6999
1208	6815	7097	7019	7000
1209	6815	7098	7020	7001
1210	6816	7099	7021	7001
1211	6817	7099	7021	7002
1212	6818	7100	7022	7003
1213	6819	7101	7023	7004
1214	6820	7102	7023	7004
1215	6821	7103	7024	7005
1216	6822	7104	7025	7006
1217	6823	7105	7025	7007
1218	6824	7106	7026	7007
1219	6825	7107	7027	7008
1220	6826	7108	7027	7009
1221	6826	7109	7028	7009
1222	6827	7110	7028	7010
1223	6828	7110	7029	7011
1224	6829	7112	7029	7012
1225	6830	7112	7030	7012
1226	6831	7113	7031	7013
1227	6832	7113	7031	7014
1228	6833	7114	7032	7014
1229	6834	7114	7033	7015
1230	6835	7115	7033	7016
1231	6836	7116	7034	7016
1232	6837	7116	7034	7017
1233	6837	7117	7035	7018
1234	6838	7118	7035	7018
1235	6839	7119	7036	7019
1236	6839	7119	7036	7020
1237	6840	7120	7037	7020
1238	6841	7121	7037	7021
1239	6841	7122	7038	7022
1240	6842	7122	7038	7022
1241	6844	7123	7039	7023
1242	6844	7123	7040	7024
1243	6846	7124	7040	7024
1244	6846	7125	7041	7025
1245	6847	7126	7042	7026
1246	6848	7126	7042	7026
1247	6849	7127	7043	7027
1248	6850	7128	7043	7028
1249	6851	7129	7044	7028
1250	6852	7130	7044	7029
1251	6853	7131	7045	7030
1252	6854	7131	7046	7030
1253	6855	7132	7046	7031
1254	6856	7133	7047	7032
1255	6857	7134	7047	7033
1256	6858	7135	7048	7033
1257	6859	7135	7048	7034
1258	6859	7136	7049	7035
1259	6860	7137	7050	7035
1260	6861	7138	7050	7036
1261	6861	7139	7051	7037
1262	6862	7140	7051	7037
1263	6863	7140	7052	7038
1264	6863	7141	7053	7039
1265	6864	7141	7053	7039
1266	6865	7142	7054	7040
1267	6866	7143	7054	7041
1268	6867	7143	7055	7041
1269	6869	7144	7056	7042
1270	6870	7144	7056	7043
1271	6870	7145	7057	7044
1272	6871	7146	7057	7044
1273	6872	7147	7058	7045
1274	6873	7148	7059	7046
1275	6874	7149	7059	7046
1276	6875	7150	7060	7047
1277	6876	7151	7060	7048
1278	6877	7152	7061	7048
1279	6878	7153	7061	7049
1280	6878	7153	7062	7050
1281	6880	7154	7063	7050
1282	6880	7155	7063	7051
1283	6881	7156	7064	7052
1284	6882	7156	7065	7052
1285	6882	7157	7065	7053
1286	6883	7157	7066	7054
1287	6884	7158	7067	7054
1288	6884	7158	7067	7055
1289	6885	7159	7068	7056
1290	6886	7160	7069	7057
1291	6887	7160	7069	7057
1292	6888	7161	7070	7058
1293	6889	7162	7071	7059
1294	6890	7162	7071	7059
1295	6890	7163	7072	7060
1296	6891	7164	7072	7061
1297	6892	7165	7073	7061
1298	6893	7165	7073	7062
1299	6893	7166	7074	7063
1300	6894	7167	7075	7063
1301	6894	7167	7075	7064
1302	6896	7168	7076	7065
1303	6897	7168	7076	7065
1304	6898	7169	7077	7066
1305	6899	7169	7078	7067
1306	6899	7170	7078	7067
1307	6899	7170	7079	7068
1308	6900	7171	7079	7069
1309	6901	7172	7080	7069
1310	6902	7173	7081	7070
1311	6903	7173	7081	7071
1312	6904	7174	7082	7071
1313	6904	7175	7083	7072
1314	6906	7175	7083	7073
1315	6907	7176	7084	7073
1316	6907	7177	7085	7074
1317	6908	7178	7085	7075
1318	6909	7179	7086	7075
1319	6910	7180	7086	7076
1320	6911	7181	7087	7077
1321	6912	7182	7088	7078
1322	6912	7182	7088	7078
1323	6913	7182	7089	7079
1324	6914	7183	7090	7080
1325	6915	7183	7090	7080
1326	6916	7184	7091	7081
1327	6918	7184	7091	7082
1328	6919	7185	7092	7082
1329	6919	7186	7093	7083
1330	6920	7186	7093	7084
1331	6920	7187	7094	7084
1332	6921	7187	7094	7085
1333	6922	7188	7095	7086
1334	6922	7189	7096	7086
1335	6923	7190	7096	7087
1336	6924	7190	7097	7088
1337	6924	7191	7097	7088
1338	6925	7192	7098	7089
1339	6926	7192	7098	7090
1340	6927	7193	7099	7090
1341	6927	7193	7100	7091
1342	6928	7194	7100	7092
1343	6929	7195	7101	7093
1344	6930	7195	7102	7093
1345	6931	7196	7102	7094
1346	6932	7196	7103	7095
1347	6933	7197	7104	7095
1348	6934	7198	7104	7096
1349	6935	7199	7105	7097
1350	6936	7199	7105	7097
1351	6937	7200	7106	7098
1352	6937	7200	7106	7099
1353	6939	7201	7107	7099
1354	6940	7201	7108	7100
1355	6941	7202	7108	7101
1356	6942	7203	7109	7102
1357	6943	7204	7109	7102
1358	6944	7204	7110	7103
1359	6944	7205	7111	7104
1360	6945	7206	7111	7104
1361	6946	7207	7112	7105
1362	6947	7207	7112	7106
1363	6948	7208	7113	7106
1364	6948	7208	7114	7107
1365	6949	7209	7115	7108
1366	6950	7209	7115	7108
1367	6951	7210	7116	7109
1368	6952	7211	7117	7110
1369	6953	7211	7117	7110
1370	6954	7212	7118	7111
1371	6955	7213	7119	7112
1372	6956	7214	7120	7112
1373	6956	7215	7120	7113
1374	6957	7216	7121	7114
1375	6958	7216	7121	7114
1376	6959	7217	7122	7115
1377	6960	7218	7123	7116
1378	6961	7218	7123	7116
1379	6962	7219	7124	7117
1380	6963	7220	7125	7118
1381	6964	7221	7125	7118
1382	6965	7222	7126	7119
1383	6966	7222	7126	7120
1384	6966	7223	7127	7120
1385	6967	7223	7128	7121
1386	6967	7224	7128	7122
1387	6968	7224	7129	7122
1388	6969	7225	7130	7123
1389	6970	7225	7130	7124
1390	6972	7226	7131	7124
1391	6972	7227	7132	7125
1392	6973	7227	7132	7126
1393	6975	7228	7133	7126
1394	6975	7229	7134	7127
1395	6976	7230	7134	7128
1396	6977	7231	7135	7128
1397	6978	7232	7136	7129
1398	6978	7233	7136	7130
1399	6979	7233	7137	7130
1400	6980	7234	7137	7131
1401	6981	7235	7138	7132
1402	6982	7235	7139	7132
1403	6984	7236	7139	7133
1404	6984	7237	7140	7134
1405	6985	7237	7141	7134
1406	6986	7238	7142	7135
1407	6987	7239	7142	7136
1408	6987	7239	7143	7136
1409	6988	7239	7144	7137
1410	6988	7240	7144	7138
1411	6989	7241	7145	7138
1412	6990	7241	7146	7139
1413	6991	7242	7146	7140
1414	6992	7243	7147	7140
1415	6992	7243	7147	7141
1416	6993	7244	7148	7142
1417	6994	7245	7149	7143
1418	6995	7246	7150	7143
1419	6996	7247	7150	7144
1420	6996	7248	7151	7145
1421	6998	7248	7152	7145
1422	6999	7249	7152	7146
1423	7000	7249	7153	7147
1424	7001	7250	7154	7147
1425	7002	7251	7154	7148
1426	7003	7252	7155	7148
1427	7004	7252	7156	7149
1428	7004	7253	7156	7150
1429	7005	7254	7157	7150
1430	7006	7254	7158	7151
1431	7007	7255	7159	7152
1432	7008	7256	7159	7152
1433	7009	7257	7160	7153
1434	7009	7258	7160	7154
1435	7010	7258	7161	7154
1436	7011	7259	7162	7155
1437	7011	7260	7163	7156
1438	7012	7261	7163	7156
1439	7012	7262	7164	7157
1440	7013	7264	7164	7158
1441	7014	7264	7165	7158
1442	7015	7265	7166	7159
1443	7015	7265	7166	7160
1444	7016	7266	7167	7160
1445	7017	7267	7168	7161
1446	7017	7268	7169	7162
1447	7019	7268	7169	7162
1448	7020	7269	7170	7163
1449	7020	7270	7171	7164
1450	7021	7270	7171	7164
1451	7022	7271	7172	7165
1452	7023	7271	7173	7166
1453	7024	7272	7173	7166
1454	7024	7273	7174	7167
1455	7026	7274	7175	7168
1456	7026	7275	7175	7168
1457	7027	7275	7176	7169
1458	7028	7276	7177	7170
1459	7028	7277	7178	7170
1460	7029	7278	7178	7171
1461	7030	7278	7179	7172
1462	7031	7279	7180	7172
1463	7032	7279	7181	7173
1464	7032	7280	7181	7174
1465	7033	7280	7182	7174
1466	7034	7281	7183	7175
1467	7034	7282	7184	7176
1468	7035	7282	7185	7176
1469	7035	7283	7186	7177
1470	7036	7283	7186	7178
1471	7038	7284	7187	7178
1472	7039	7285	7188	7179
1473	7040	7286	7188	7180
1474	7041	7287	7189	7180
1475	7041	7287	7189	7181
1476	7041	7288	7190	7182
1477	7042	7289	7191	7183
1478	7042	7289	7191	7183
1479	7042	7290	7192	7184
1480	7043	7291	7193	7185
1481	7044	7292	7193	7185
1482	7046	7292	7194	7186
1483	7046	7293	7195	7187
1484	7047	7293	7195	7187
1485	7048	7294	7196	7188
1486	7049	7295	7196	7189
1487	7050	7295	7197	7190
1488	7051	7296	7198	7190
1489	7052	7297	7198	7191
1490	7053	7297	7199	7192
1491	7053	7298	7199	7192
1492	7054	7299	7200	7193
1493	7055	7299	7201	7194
1494	7056	7300	7201	7195
1495	7057	7301	7202	7195
1496	7058	7301	7202	7196
1497	7059	7302	7203	7197
1498	7060	7303	7203	7198
1499	7061	7303	7204	7198
1500	7062	7304	7205	7199
1501	7063	7305	7205	7200
1502	7064	7306	7206	7200
1503	7065	7307	7207	7201
1504	7066	7308	7208	7202
1505	7067	7308	7208	7203
1506	7068	7309	7209	7203
1507	7068	7309	7210	7204
1508	7069	7310	7210	7205
1509	7070	7310	7211	7206
1510	7071	7311	7212	7206
1511	7072	7312	7212	7207
1512	7072	7312	7213	7208
1513	7073	7313	7214	7208
1514	7074	7313	7214	7209
1515	7075	7314	7215	7210
1516	7076	7315	7216	7211
1517	7076	7316	7216	7211
1518	7077	7317	7217	7212
1519	7078	7317	7218	7213
1520	7079	7318	7219	7213
1521	7080	7319	7219	7214
1522	7080	7320	7220	7215
1523	7081	7320	7221	7216
1524	7082	7321	7221	7216
1525	7083	7322	7222	7217
1526	7084	7322	7223	7218
1527	7085	7323	7224	7219
1528	7086	7324	7224	7219
1529	7087	7324	7225	7220
1530	7087	7325	7226	7221
1531	7089	7326	7226	7221
1532	7090	7326	7227	7222
1533	7091	7327	7228	7223
1534	7091	7328	7228	7224
1535	7092	7328	7229	7224
1536	7093	7329	7230	7225
1537	7094	7329	7230	7226
1538	7095	7330	7231	7226
1539	7096	7331	7232	7227
1540	7097	7332	7232	7228
1541	7098	7333	7233	7229
1542	7099	7333	7234	7229
1543	7100	7334	7234	7230
1544	7101	7334	7235	7231
1545	7102	7335	7236	7231
1546	7103	7335	7237	7232
1547	7104	7336	7237	7233
1548	7105	7337	7238	7234
1549	7106	7338	7239	7234
1550	7107	7339	7239	7235
1551	7108	7339	7240	7236
1552	7109	7340	7241	7236
1553	7109	7341	7241	7237
1554	7110	7342	7242	7238
1555	7111	7343	7243	7239
1556	7112	7344	7244	7239
1557	7113	7345	7244	7240
1558	7114	7345	7245	7241
1559	7114	7346	7246	7242
1560	7115	7347	7247	7242
1561	7116	7348	7247	7243
1562	7117	7348	7248	7244
1563	7118	7349	7249	7244
1564	7119	7349	7249	7245
1565	7120	7350	7250	7246
1566	7121	7350	7251	7247
1567	7121	7351	7252	7247
1568	7122	7351	7252	7248
1569	7123	7352	7253	7249
1570	7124	7352	7254	7249
1571	7125	7353	7254	7250
1572	7125	7354	7255	7251
1573	7126	7354	7256	7252
1574	7127	7355	7256	7252
1575	7128	7356	7257	7253
1576	7129	7357	7258	7254
1577	7129	7357	7259	7254
1578	7130	7358	7260	7255
1579	7131	7359	7260	7256
1580	7132	7360	7261	7257
1581	7132	7360	7262	7257
1582	7134	7361	7262	7258
1583	7135	7361	7263	7259
1584	7136	7362	7264	7260
1585	7137	7362	7264	7260
1586	7138	7363	7265	7261
1587	7139	7363	7266	7262
1588	7140	7364	7266	7262
1589	7141	7364	7267	7263
1590	7141	7365	7268	7264
1591	7143	7366	7269	7265
1592	7143	7366	7269	7265
1593	7145	7367	7270	7266
1594	7145	7368	7271	7267
1595	7146	7368	7271	7268
1596	7147	7369	7272	7268
1597	7147	7370	7273	7269
1598	7148	7371	7274	7270
1599	7149	7372	7274	7270
1600	7150	7373	7275	7271
1601	7151	7373	7276	7272
1602	7152	7373	7276	7273
1603	7153	7374	7277	7273
1604	7154	7374	7278	7274
1605	7155	7375	7278	7275
1606	7156	7375	7279	7275
1607	7157	7376	7280	7276
1608	7158	7376	7280	7277
1609	7158	7376	7281	7278
1610	7159	7377	7282	7278
1611	7160	7378	7283	7279
1612	7161	7378	7283	7280
1613	7162	7379	7284	7280
1614	7162	7380	7285	7281
1615	7163	7380	7286	7282
1616	7164	7381	7286	7283
1617	7165	7381	7287	7283
1618	7165	7382	7288	7284
1619	7166	7383	7288	7285
1620	7167	7384	7289	7285
1621	7168	7384	7290	7286
1622	7169	7384	7290	7287
1623	7170	7385	7291	7288
1624	7171	7386	7291	7288
1625	7172	7386	7292	7289
1626	7173	7387	7293	7290
1627	7174	7387	7293	7290
1628	7175	7388	7294	7291
1629	7176	7388	7295	7292
1630	7177	7389	7295	7293
1631	7178	7389	7296	7293
1632	7179	7390	7297	7294
1633	7180	7390	7297	7295
1634	7181	7391	7298	7295
1635	7181	7392	7298	7296
1636	7182	7392	7299	7297
1637	7183	7393	7300	7298
1638	7183	7394	7300	7298
1639	7184	7395	7301	7299
1640	7185	7396	7302	7300
1641	7186	7396	7302	7300
1642	7187	7396	7303	7301
1643	7188	7397	7304	7302
1644	7189	7397	7304	7303
1645	7189	7398	7305	7303
1646	7190	7398	7306	7304
1647	7191	7399	7306	7305
1648	7192	7399	7307	7306
1649	7193	7400	7308	7306
1650	7194	7400	7308	7307
1651	7195	7401	7309	7308
1652	7196	7401	7309	7309
1653	7197	7402	7310	7309
1654	7198	7403	7311	7310
1655	7198	7403	7312	7311
1656	7199	7404	7312	7311
1657	7200	7404	7313	7312
1658	7201	7405	7314	7313
1659	7201	7406	7314	7314
1660	7202	7407	7315	7314
1661	7203	7407	7316	7315
1662	7205	7407	7316	7316
1663	7206	7408	7317	7317
1664	7207	7408	7318	7317
1665	7208	7409	7318	7318
1666	7209	7409	7319	7319
1667	7210	7409	7319	7320
1668	7211	7410	7320	7320
1669	7212	7410	7321	7321
1670	7213	7411	7321	7322
1671	7214	7412	7322	7323
1672	7215	7412	7323	7324
1673	7215	7413	7324	7324
1674	7216	7414	7324	7325
1675	7217	7414	7325	7326
1676	7218	7415	7326	7327
1677	7218	7416	7327	7327
1678	7219	7417	7328	7328
1679	7220	7418	7329	7329
1680	7221	7419	7329	7330
1681	7222	7419	7331	7331
1682	7223	7420	7332	7331
1683	7224	7421	7333	7332
1684	7225	7421	7334	7333
1685	7226	7422	7335	7334
1686	7227	7422	7336	7335
1687	7227	7423	7337	7336
1688	7228	7424	7338	7337
1689	7229	7425	7340	7338
1690	7230	7426	7341	7338
1691	7231	7427	7342	7339
1692	7232	7428	7343	7340
1693	7233	7428	7345	7341
1694	7233	7429	7346	7342
1695	7234	7430	7347	7343
1696	7235	7431	7349	7344
1697	7236	7432	7350	7345
1698	7237	7433	7351	7346
1699	7237	7434	7352	7346
1700	7238	7435	7353	7347
1701	7239	7436	7354	7348
1702	7240	7436	7356	7349
1703	7241	7437	7357	7350
1704	7242	7437	7358	7351
1705	7243	7438	7359	7352
1706	7244	7439	7360	7353
1707	7245	7439	7361	7354
1708	7246	7440	7362	7354
1709	7247	7441	7363	7355
1710	7248	7442	7364	7356
1711	7249	7442	7366	7357
1712	7250	7443	7367	7358
1713	7251	7444	7368	7359
1714	7252	7445	7369	7360
1715	7252	7446	7370	7361
1716	7253	7446	7371	7362
1717	7254	7447	7373	7362
1718	7255	7448	7374	7363
1719	7255	7449	7375	7364
1720	7256	7450	7376	7365
1721	7257	7451	7377	7366
1722	7259	7451	7378	7367
1723	7260	7452	7379	7368
1724	7261	7452	7380	7369
1725	7262	7453	7381	7369
1726	7263	7454	7382	7370
1727	7264	7454	7383	7371
1728	7265	7455	7384	7372
1729	7265	7456	7385	7373
1730	7266	7457	7386	7374
1731	7267	7458	7387	7375
1732	7268	7458	7388	7375
1733	7269	7459	7389	7376
1734	7269	7459	7390	7377
1735	7270	7460	7391	7378
1736	7271	7461	7392	7379
1737	7271	7462	7393	7380
1738	7272	7462	7394	7380
1739	7273	7463	7395	7381
1740	7273	7464	7396	7382
1741	7274	7464	7397	7383
1742	7276	7465	7398	7384
1743	7277	7466	7399	7385
1744	7278	7466	7400	7386
1745	7279	7467	7401	7387
1746	7280	7467	7402	7388
1747	7281	7468	7403	7389
1748	7282	7469	7404	7389
1749	7283	7469	7405	7390
1750	7284	7470	7406	7391
1751	7285	7471	7407	7392
1752	7286	7472	7408	7393
1753	7287	7473	7409	7394
1754	7288	7474	7410	7395
1755	7289	7474	7411	7396
1756	7289	7475	7412	7397
1757	7290	7476	7414	7398
1758	7291	7477	7415	7398
1759	7292	7478	7416	7399
1760	7293	7479	7417	7400
1761	7294	7479	7418	7401
1762	7296	7480	7418	7402
1763	7297	7480	7419	7403
1764	7298	7481	7420	7404
1765	7300	7481	7421	7405
1766	7301	7482	7422	7406
1767	7303	7483	7423	7407
1768	7305	7484	7423	7407
1769	7306	7484	7424	7408
1770	7307	7485	7425	7409
1771	7308	7486	7426	7410
1772	7310	7487	7427	7411
1773	7311	7488	7428	7412
1774	7312	7488	7428	7413
1775	7313	7489	7429	7414
1776	7314	7490	7430	7415
1777	7315	7491	7431	7416
1778	7316	7492	7432	7416
1779	7317	7493	7433	7417
1780	7318	7494	7434	7418
1781	7318	7495	7435	7419
1782	7319	7495	7436	7420
1783	7320	7496	7436	7420
1784	7321	7497	7437	7421
1785	7322	7497	7438	7422
1786	7322	7499	7438	7423
1787	7323	7499	7439	7423
1788	7324	7500	7440	7424
1789	7324	7502	7441	7425
1790	7325	7503	7441	7425
1791	7326	7504	7442	7426
1792	7326	7505	7443	7427
1793	7327	7506	7444	7428
1794	7328	7507	7444	7428
1795	7328	7508	7445	7429
1796	7329	7510	7446	7430
1797	7330	7511	7446	7430
1798	7330	7512	7447	7431
1799	7331	7513	7447	7432
1800	7331	7514	7448	7433
1801	7332	7515	7449	7433
1802	7333	7517	7449	7434
1803	7333	7518	7450	7435
1804	7334	7519	7450	7435
1805	7334	7520	7451	7436
1806	7335	7521	7452	7437
1807	7336	7523	7452	7437
1808	7336	7524	7453	7438
1809	7337	7525	7453	7439
1810	7337	7526	7454	7439
1811	7338	7527	7454	7440
1812	7338	7529	7455	7441
1813	7339	7530	7455	7441
1814	7340	7531	7456	7442
1815	7340	7532	7457	7443
1816	7341	7533	7457	7443
1817	7341	7535	7458	7444
1818	7342	7536	7458	7445
1819	7342	7538	7459	7445
1820	7343	7539	7459	7446
1821	7343	7540	7460	7447
1822	7344	7541	7461	7448
1823	7345	7542	7462	7448
1824	7345	7543	7462	7449
1825	7346	7544	7463	7450
1826	7346	7546	7464	7450
1827	7347	7547	7465	7451
1828	7348	7548	7465	7452
1829	7348	7549	7466	7453
1830	7349	7550	7467	7453
1831	7350	7551	7467	7454
1832	7350	7552	7468	7455
1833	7351	7553	7469	7456
1834	7352	7554	7469	7456
1835	7352	7554	7470	7457
1836	7353	7555	7471	7458
1837	7353	7556	7471	7459
1838	7354	7557	7472	7459
1839	7354	7558	7473	7460
1840	7355	7558	7473	7461
1841	7355	7559	7474	7462
1842	7356	7560	7475	7462
1843	7357	7561	7476	7463
1844	7357	7562	7477	7464
1845	7358	7563	7477	7465
1846	7359	7563	7478	7465
1847	7359	7564	7479	7466
1848	7359	7565	7480	7467
1849	7360	7566	7480	7468
1850	7361	7567	7481	7469
1851	7361	7568	7482	7469
1852	7362	7569	7483	7470
1853	7362	7569	7483	7471
1854	7362	7570	7484	7472
1855	7363	7571	7485	7473
1856	7363	7572	7485	7473
1857	7364	7573	7486	7474
1858	7364	7574	7487	7475
1859	7365	7575	7487	7476
1860	7366	7577	7488	7476
1861	7366	7578	7489	7477
1862	7367	7579	7490	7478
1863	7367	7581	7491	7479
1864	7368	7582	7491	7480
1865	7369	7583	7492	7480
1866	7369	7584	7493	7481
1867	7370	7585	7494	7482
1868	7371	7586	7495	7483
1869	7372	7587	7495	7483
1870	7372	7588	7496	7484
1871	7373	7589	7497	7485
1872	7373	7591	7498	7486
1873	7374	7592	7499	7487
1874	7374	7593	7499	7487
1875	7375	7594	7500	7488
1876	7375	7595	7501	7489
1877	7376	7596	7502	7490
1878	7376	7597	7502	7491
1879	7377	7598	7503	7491
1880	7377	7600	7504	7492
1881	7378	7600	7505	7493
1882	7379	7601	7506	7494
1883	7379	7602	7506	7494
1884	7380	7603	7507	7495
1885	7381	7604	7508	7496
1886	7381	7604	7509	7497
1887	7382	7606	7509	7497
1888	7382	7607	7510	7498
1889	7383	7607	7511	7499
1890	7383	7608	7512	7500
1891	7384	7609	7513	7500
1892	7385	7610	7513	7501
1893	7385	7611	7514	7502
1894	7386	7613	7515	7503
1895	7386	7614	7516	7504
1896	7387	7615	7516	7504
1897	7387	7616	7517	7505
1898	7388	7618	7518	7506
1899	7389	7619	7519	7507
1900	7389	7620	7519	7507
1901	7390	7621	7520	7508
1902	7390	7622	7521	7509
1903	7391	7623	7522	7510
1904	7392	7624	7523	7510
1905	7393	7625	7524	7511
1906	7394	7626	7524	7512
1907	7394	7627	7525	7513
1908	7395	7628	7526	7514
1909	7395	7629	7527	7514
1910	7396	7631	7528	7515
1911	7397	7632	7529	7516
1912	7397	7633	7529	7517
1913	7398	7634	7530	7518
1914	7399	7635	7531	7518
1915	7399	7636	7532	7519
1916	7400	7637	7533	7520
1917	7400	7638	7533	7521
1918	7401	7640	7534	7522
1919	7401	7642	7535	7522
1920	7402	7643	7536	7523
1921	7403	7644	7536	7524
1922	7404	7644	7537	7525
1923	7404	7645	7538	7526
1924	7405	7646	7538	7526
1925	7405	7646	7539	7527
1926	7406	7647	7540	7528
1927	7407	7648	7541	7529
1928	7407	7649	7541	7529
1929	7408	7650	7542	7530
1930	7408	7651	7543	7531
1931	7409	7652	7544	7532
1932	7409	7653	7544	7533
1933	7410	7655	7545	7533
1934	7411	7656	7546	7534
1935	7411	7656	7547	7535
1936	7412	7658	7548	7536
1937	7413	7659	7548	7536
1938	7413	7660	7549	7537
1939	7413	7661	7550	7538
1940	7414	7662	7551	7539
1941	7415	7663	7552	7540
1942	7416	7664	7553	7541
1943	7417	7667	7554	7542
1944	7418	7668	7555	7543
1945	7419	7670	7556	7544
1946	7420	7672	7557	7546
1947	7420	7673	7558	7547
1948	7421	7675	7558	7548
1949	7422	7677	7559	7549
1950	7423	7678	7560	7550
1951	7424	7680	7561	7551
1952	7424	7681	7562	7552
1953	7425	7682	7563	7554
1954	7426	7684	7563	7555
1955	7426	7685	7564	7556
1956	7427	7687	7565	7557
1957	7427	7689	7566	7558
1958	7428	7691	7566	7559
1959	7428	7692	7567	7560
1960	7429	7694	7568	7562
1961	7430	7695	7569	7563
1962	7431	7697	7570	7564
1963	7432	7698	7571	7565
1964	7433	7699	7572	7566
1965	7433	7701	7573	7567
1966	7435	7702	7574	7568
1967	7436	7703	7575	7569
1968	7436	7705	7576	7571
1969	7437	7707	7577	7572
1970	7438	7708	7578	7573
1971	7439	7710	7579	7574
1972	7440	7711	7580	7575
1973	7441	7713	7581	7576
1974	7441	7715	7582	7577
1975	7442	7716	7583	7578
1976	7442	7717	7584	7580
1977	7443	7720	7585	7581
1978	7443	7721	7586	7582
1979	7444	7723	7586	7583
1980	7444	7725	7587	7584
1981	7446	7727	7589	7585
1982	7447	7728	7590	7586
1983	7448	7730	7591	7587
1984	7449	7731	7592	7589
1985	7450	7732	7593	7590
1986	7451	7734	7594	7591
1987	7452	7735	7595	7592
1988	7453	7736	7596	7593
1989	7454	7738	7597	7594
1990	7456	7740	7598	7595
1991	7457	7741	7599	7596
1992	7458	7743	7600	7598
1993	7459	7744	7601	7599
1994	7460	7745	7602	7600
1995	7461	7747	7603	7601
1996	7461	7749	7604	7602
1997	7462	7751	7605	7603
1998	7463	7753	7606	7604
1999	7465	7754	7606	7605
2000	7465	7756	7607	7607
2001	7466	7756	7609	7608
2002	7468	7758	7610	7609
2003	7469	7759	7611	7610
2004	7470	7761	7612	7611
2005	7471	7762	7613	7612
2006	7472	7763	7614	7613
2007	7473	7765	7615	7614
2008	7474	7766	7616	7615
2009	7475	7767	7617	7617
2010	7476	7769	7618	7618
2011	7478	7771	7619	7619
2012	7479	7772	7620	7620
2013	7481	7774	7621	7621
2014	7482	7775	7622	7622
2015	7482	7778	7623	7623
2016	7483	7780	7624	7624
2017	7484	7781	7625	7626
2018	7485	7783	7626	7627
2019	7486	7784	7627	7628
2020	7487	7786	7628	7629
2021	7488	7787	7629	7630
2022	7489	7788	7630	7631
2023	7490	7789	7631	7632
2024	7492	7790	7632	7633
2025	7493	7791	7633	7634
2026	7494	7792	7634	7636
2027	7494	7794	7635	7637
2028	7495	7796	7636	7638
2029	7497	7798	7637	7639
2030	7498	7799	7638	7640
2031	7500	7801	7639	7641
2032	7501	7802	7640	7642
2033	7502	7804	7641	7643
2034	7503	7805	7642	7645
2035	7504	7808	7643	7646
2036	7505	7810	7644	7647
2037	7505	7811	7645	7648
2038	7506	7812	7646	7649
2039	7507	7813	7647	7650
2040	7508	7816	7648	7651
2041	7509	7817	7649	7652
2042	7510	7819	7650	7653
2043	7511	7820	7651	7655
2044	7513	7821	7651	7656
2045	7514	7822	7652	7657
2046	7515	7824	7653	7658
2047	7516	7826	7654	7659
2048	7518	7828	7655	7660
2049	7519	7831	7656	7661
2050	7520	7831	7657	7662
2051	7521	7833	7657	7664
2052	7523	7835	7658	7665
2053	7524	7836	7659	7666
2054	7525	7838	7660	7667
2055	7527	7839	7661	7668
2056	7528	7842	7662	7669
2057	7528	7844	7663	7670
2058	7529	7846	7664	7671
2059	7529	7847	7665	7672
2060	7530	7850	7667	7674
2061	7533	7851	7668	7675
2062	7535	7852	7669	7676
2063	7537	7855	7670	7677
2064	7538	7856	7671	7679
2065	7540	7857	7672	7680
2066	7541	7858	7674	7681
2067	7542	7860	7675	7683
2068	7543	7861	7676	7684
2069	7544	7862	7677	7685
2070	7545	7863	7679	7687
2071	7547	7865	7680	7688
2072	7548	7866	7681	7689
2073	7549	7868	7683	7690
2074	7549	7870	7684	7692
2075	7550	7871	7685	7693
2076	7551	7873	7687	7694
2077	7552	7875	7688	7696
2078	7553	7877	7689	7697
2079	7553	7879	7691	7698
2080	7554	7880	7692	7700
2081	7555	7882	7693	7701
2082	7557	7883	7695	7702
2083	7558	7885	7696	7704
2084	7560	7886	7698	7705
2085	7561	7888	7699	7707
2086	7562	7889	7701	7708
2087	7563	7891	7702	7710
2088	7564	7892	7704	7711
2089	7565	7893	7705	7713
2090	7567	7894	7707	7714
2091	7568	7896	7708	7716
2092	7568	7897	7710	7717
2093	7569	7900	7712	7719
2094	7570	7901	7713	7720
2095	7571	7903	7715	7721
2096	7572	7905	7716	7723
2097	7572	7907	7718	7724
2098	7573	7909	7719	7726
2099	7573	7911	7721	7727
2100	7574	7913	7722	7729
2101	7577	7916	7723	7730
2102	7578	7917	7725	7732
2103	7580	7919	7726	7733
2104	7581	7920	7727	7735
2105	7583	7922	7729	7736
2106	7584	7923	7730	7738
2107	7585	7925	7732	7739
2108	7587	7927	7733	7741
2109	7588	7929	7735	7742
2110	7590	7930	7736	7744
2111	7591	7932	7738	7745
2112	7592	7934	7739	7747
2113	7593	7937	7741	7748
2114	7595	7939	7742	7750
2115	7596	7941	7744	7751
2116	7597	7943	7745	7752
2117	7598	7945	7747	7754
2118	7599	7947	7748	7755
2119	7600	7948	7750	7757
2120	7601	7950	7751	7758
2121	7604	7952	7753	7760
2122	7606	7953	7754	7761
2123	7607	7954	7756	7763
2124	7609	7955	7757	7764
2125	7611	7957	7759	7766
2126	7612	7959	7760	7767
2127	7614	7962	7762	7769
2128	7616	7963	7763	7770
2129	7617	7964	7765	7772
2130	7618	7966	7766	7773
2131	7620	7967	7768	7775
2132	7622	7968	7769	7776
2133	7624	7970	7771	7778
2134	7625	7971	7772	7779
2135	7626	7973	7774	7781
2136	7627	7975	7775	7782
2137	7628	7977	7776	7784
2138	7629	7979	7778	7785
2139	7631	7981	7780	7787
2140	7632	7983	7781	7788
2141	7634	7984	7783	7790
2142	7636	7985	7784	7791
2143	7638	7986	7785	7793
2144	7639	7988	7787	7794
2145	7642	7989	7788	7796
2146	7643	7990	7789	7797
2147	7644	7992	7791	7799
2148	7646	7993	7793	7800
2149	7647	7994	7794	7802
2150	7648	7996	7795	7803
2151	7650	7998	7797	7804
2152	7651	8000	7798	7806
2153	7652	8002	7800	7807
2154	7654	8004	7801	7809
2155	7655	8006	7803	7810
2156	7657	8008	7804	7812
2157	7658	8010	7806	7813
2158	7659	8012	7807	7815
2159	7660	8014	7809	7816
2160	7661	8016	7811	7818
2161	7663	8018	7812	7819
2162	7665	8020	7813	7821
2163	7667	8022	7815	7822
2164	7669	8024	7816	7824
2165	7671	8026	7817	7825
2166	7674	8028	7819	7827
2167	7675	8030	7820	7828
2168	7677	8032	7821	7830
2169	7678	8033	7822	7831
2170	7679	8036	7824	7833
2171	7682	8037	7825	7834
2172	7683	8039	7826	7836
2173	7685	8042	7828	7837
2174	7687	8044	7829	7839
2175	7688	8046	7831	7840
2176	7690	8048	7832	7842
2177	7691	8050	7834	7843
2178	7693	8052	7835	7845
2179	7694	8054	7837	7846
2180	7695	8057	7838	7848
2181	7697	8059	7840	7849
2182	7699	8060	7841	7851
2183	7701	8061	7842	7852
2184	7703	8064	7844	7854
2185	7705	8066	7845	7856
2186	7707	8067	7846	7857
2187	7709	8069	7847	7859
2188	7711	8070	7849	7860
2189	7712	8072	7850	7862
2190	7714	8073	7852	7863
2191	7716	8075	7853	7865
2192	7717	8077	7854	7866
2193	7718	8078	7856	7868
2194	7720	8080	7857	7869
2195	7722	8081	7859	7871
2196	7723	8083	7860	7872
2197	7724	8085	7862	7874
2198	7725	8086	7864	7875
2199	7726	8088	7865	7877
2200	7728	8090	7867	7878
2201	7729	8091	7868	7880
2202	7731	8094	7869	7881
2203	7733	8096	7870	7883
2204	7735	8097	7872	7884
2205	7736	8099	7873	7885
2206	7738	8100	7874	7887
2207	7739	8101	7876	7888
2208	7741	8104	7877	7890
2209	7742	8105	7879	7891
2210	7744	8106	7880	7893
2211	7746	8107	7881	7894
2212	7747	8108	7883	7896
2213	7749	8110	7884	7897
2214	7750	8112	7886	7899
2215	7751	8114	7887	7900
2216	7752	8116	7889	7902
2217	7754	8118	7890	7903
2218	7755	8120	7892	7904
2219	7756	8122	7893	7906
2220	7757	8124	7895	7907
2221	7760	8124	7896	7909
2222	7762	8127	7898	7910
2223	7763	8128	7899	7912
2224	7765	8129	7900	7913
2225	7767	8130	7901	7915
2226	7768	8132	7903	7916
2227	7771	8134	7904	7918
2228	7772	8135	7906	7919
2229	7774	8136	7907	7921
2230	7775	8137	7908	7922
2231	7777	8139	7909	7924
2232	7779	8142	7911	7925
2233	7780	8143	7912	7927
2234	7782	8144	7914	7928
2235	7784	8146	7915	7930
2236	7785	8148	7917	7931
2237	7786	8150	7918	7933
2238	7788	8153	7920	7935
2239	7789	8155	7921	7936
2240	7790	8156	7922	7938
2241	7793	8156	7924	7939
2242	7795	8158	7925	7941
2243	7797	8160	7926	7942
2244	7800	8161	7927	7944
2245	7802	8164	7929	7945
2246	7804	8168	7930	7947
2247	7805	8169	7931	7948
2248	7808	8170	7933	7950
2249	7810	8174	7934	7951
2250	7812	8177	7935	7953
2251	7813	8180	7937	7954
2252	7814	8183	7938	7956
2253	7816	8185	7939	7957
2254	7817	8186	7941	7958
2255	7818	8188	7942	7960
2256	7819	8190	7944	7961
2257	7820	8194	7945	7963
2258	7822	8196	7946	7964
2259	7823	8198	7948	7966
2260	7825	8199	7949	7967
2261	7826	8201	7950	7969
2262	7828	8205	7952	7970
2263	7830	8207	7953	7972
2264	7832	8209	7954	7973
2265	7834	8210	7955	7975
2266	7835	8213	7956	7976
2267	7837	8215	7958	7978
2268	7839	8218	7959	7979
2269	7841	8221	7960	7981
2270	7842	8224	7961	7982
2271	7845	8227	7963	7984
2272	7846	8229	7964	7985
2273	7848	8231	7966	7987
2274	7850	8233	7967	7988
2275	7852	8234	7969	7990
2276	7854	8235	7970	7991
2277	7856	8238	7971	7993
2278	7857	8240	7973	7994
2279	7859	8242	7974	7996
2280	7860	8243	7975	7997
2281	7862	8247	7977	7999
2282	7864	8251	7979	8001
2283	7865	8253	7981	8003
2284	7867	8256	7983	8004
2285	7868	8260	7984	8006
2286	7870	8261	7986	8008
2287	7871	8262	7987	8010
2288	7872	8265	7989	8012
2289	7873	8267	7991	8013
2290	7874	8269	7992	8015
2291	7876	8271	7994	8017
2292	7877	8274	7996	8019
2293	7877	8277	7997	8021
2294	7878	8279	7999	8022
2295	7879	8282	8001	8024
2296	7880	8285	8002	8026
2297	7880	8289	8004	8028
2298	7881	8291	8005	8030
2299	7881	8294	8007	8031
2300	7882	8297	8008	8033
2301	7884	8301	8010	8035
2302	7885	8303	8011	8037
2303	7886	8306	8013	8039
2304	7888	8308	8014	8041
2305	7888	8311	8016	8043
2306	7890	8313	8017	8045
2307	7891	8316	8019	8046
2308	7891	8318	8021	8048
2309	7893	8321	8022	8050
2310	7893	8324	8024	8052
2311	7894	8327	8025	8054
2312	7895	8329	8027	8056
2313	7896	8332	8028	8058
2314	7896	8336	8030	8060
2315	7897	8337	8031	8062
2316	7898	8341	8033	8064
2317	7899	8346	8034	8066
2318	7900	8349	8036	8067
2319	7901	8353	8038	8069
2320	7902	8359	8039	8071
2321	7903	8361	8041	8073
2322	7905	8363	8042	8075
2323	7906	8366	8044	8077
2324	7908	8368	8045	8079
2325	7909	8372	8047	8081
2326	7910	8375	8049	8083
2327	7911	8376	8050	8084
2328	7912	8379	8052	8086
2329	7913	8382	8054	8088
2330	7914	8385	8055	8090
2331	7915	8388	8057	8092
2332	7916	8391	8059	8094
2333	7917	8394	8060	8096
2334	7918	8397	8062	8098
2335	7919	8401	8063	8100
2336	7920	8405	8065	8101
2337	7921	8408	8066	8103
2338	7921	8411	8068	8105
2339	7922	8415	8070	8107
2340	7923	8420	8071	8109
2341	7925	8423	8073	8111
2342	7926	8425	8074	8113
2343	7928	8426	8076	8115
2344	7929	8428	8077	8117
2345	7931	8432	8079	8119
2346	7932	8434	8080	8121
2347	7934	8437	8082	8123
2348	7935	8439	8084	8125
2349	7936	8441	8085	8127
2350	7937	8444	8087	8129
2351	7938	8448	8088	8130
2352	7939	8451	8090	8132
2353	7940	8455	8092	8134
2354	7941	8458	8093	8136
2355	7942	8462	8095	8138
2356	7943	8466	8097	8140
2357	7944	8470	8098	8142
2358	7945	8474	8100	8144
2359	7946	8477	8102	8146
2360	7947	8482	8103	8148
2361	7949	8484	8105	8150
2362	7950	8486	8106	8152
2363	7951	8488	8107	8154
2364	7953	8490	8109	8156
2365	7954	8492	8111	8158
2366	7956	8494	8112	8160
2367	7957	8497	8114	8161
2368	7959	8500	8115	8163
2369	7960	8502	8117	8165
2370	7962	8505	8118	8167
2371	7963	8508	8120	8169
2372	7964	8511	8121	8171
2373	7965	8513	8123	8173
2374	7966	8517	8125	8175
2375	7967	8521	8126	8177
2376	7968	8524	8128	8179
2377	7969	8528	8130	8180
2378	7970	8531	8131	8182
2379	7970	8535	8133	8184
2380	7971	8540	8135	8186
2381	7973	8541	8136	8188
2382	7974	8543	8137	8190
2383	7976	8545	8138	8192
2384	7977	8547	8140	8194
2385	7979	8549	8141	8196
2386	7981	8551	8142	8198
2387	7982	8553	8143	8199
2388	7984	8555	8145	8201
2389	7984	8558	8147	8203
2390	7985	8560	8148	8205
2391	7986	8562	8150	8207
2392	7987	8565	8151	8209
2393	7988	8567	8153	8211
2394	7989	8570	8154	8213
2395	7990	8572	8156	8215
2396	7992	8574	8158	8216
2397	7993	8577	8159	8218
2398	7994	8581	8161	8220
2399	7995	8584	8162	8222
2400	7995	8587	8164	8224
2401	7997	8589	8165	8226
2402	7998	8590	8166	8228
2403	8000	8592	8168	8230
2404	8001	8594	8169	8232
2405	8003	8595	8170	8234
2406	8004	8598	8171	8236
2407	8006	8600	8172	8237
2408	8007	8602	8174	8239
2409	8008	8605	8175	8241
2410	8009	8606	8177	8243
2411	8011	8609	8178	8245
2412	8012	8612	8179	8247
2413	8013	8614	8181	8249
2414	8014	8617	8182	8251
2415	8015	8620	8184	8253
2416	8016	8622	8185	8255
2417	8017	8625	8187	8257
2418	8018	8628	8188	8259
2419	8019	8632	8190	8261
2420	8019	8636	8191	8263
2421	8020	8637	8193	8264
2422	8021	8639	8194	8266
2423	8022	8640	8195	8268
2424	8024	8641	8196	8269
2425	8024	8642	8197	8271
2426	8025	8644	8198	8273
2427	8026	8645	8200	8274
2428	8027	8646	8201	8276
2429	8028	8647	8202	8278
2430	8030	8649	8203	8279
2431	8031	8650	8205	8281
2432	8032	8651	8206	8283
2433	8033	8653	8207	8284
2434	8033	8655	8209	8286
2435	8034	8657	8210	8288
2436	8035	8659	8211	8289
2437	8036	8661	8213	8291
2438	8037	8663	8214	8293
2439	8038	8666	8216	8294
2440	8038	8668	8217	8296
2441	8039	8669	8218	8297
2442	8040	8670	8219	8298
2443	8041	8671	8220	8299
2444	8042	8672	8221	8300
2445	8043	8673	8222	8301
2446	8044	8674	8223	8303
2447	8045	8675	8224	8304
2448	8046	8676	8225	8305
2449	8046	8677	8226	8306
2450	8047	8678	8227	8307
2451	8047	8679	8228	8308
2452	8048	8681	8228	8309
2453	8049	8683	8229	8310
2454	8050	8684	8230	8311
2455	8050	8685	8231	8312
2456	8051	8687	8232	8313
2457	8051	8689	8233	8314
2458	8052	8691	8234	8315
2459	8053	8694	8235	8316
2460	8054	8696	8236	8317
2461	8055	8697	8237	8318
2462	8056	8698	8237	8319
2463	8056	8698	8238	8320
2464	8057	8700	8239	8321
2465	8057	8701	8240	8322
2466	8058	8702	8241	8323
2467	8059	8703	8242	8324
2468	8060	8704	8243	8325
2469	8061	8705	8244	8326
2470	8062	8707	8245	8327
2471	8062	8708	8245	8328
2472	8063	8710	8246	8329
2473	8064	8711	8247	8330
2474	8065	8712	8248	8331
2475	8065	8714	8249	8332
2476	8066	8715	8250	8333
2477	8067	8717	8251	8334
2478	8068	8718	8252	8335
2479	8069	8720	8253	8336
2480	8070	8721	8254	8337
2481	8070	8722	8254	8338
2482	8071	8723	8255	8339
2483	8072	8724	8256	8340
2484	8073	8725	8257	8341
2485	8073	8726	8258	8342
2486	8074	8727	8259	8343
2487	8075	8728	8260	8344
2488	8076	8729	8261	8345
2489	8076	8730	8262	8346
2490	8077	8732	8263	8347
2491	8078	8733	8263	8348
2492	8078	8734	8264	8349
2493	8079	8735	8266	8350
2494	8080	8736	8267	8351
2495	8081	8738	8268	8352
2496	8081	8739	8268	8353
2497	8082	8741	8269	8354
2498	8082	8742	8270	8355
2499	8083	8744	8271	8356
2500	8084	8745	8272	8357
2501	8085	8746	8273	8358
2502	8086	8748	8274	8359
2503	8088	8749	8275	8360
2504	8089	8750	8276	8361
2505	8089	8751	8277	8362
2506	8090	8752	8278	8363
2507	8091	8753	8278	8364
2508	8093	8755	8280	8364
2509	8093	8756	8280	8365
2510	8094	8758	8281	8366
2511	8095	8759	8282	8367
2512	8096	8760	8284	8368
2513	8097	8762	8285	8369
2514	8098	8763	8286	8370
2515	8099	8765	8287	8371
2516	8100	8766	8288	8372
2517	8101	8767	8289	8373
2518	8102	8769	8290	8374
2519	8103	8771	8291	8375
2520	8103	8772	8292	8376
2521	8105	8773	8293	8377
2522	8105	8774	8294	8378
2523	8107	8775	8295	8379
2524	8108	8776	8296	8380
2525	8109	8777	8296	8381
2526	8111	8778	8297	8382
2527	8112	8779	8298	8383
2528	8112	8781	8299	8384
2529	8113	8782	8300	8385
2530	8114	8783	8301	8386
2531	8114	8783	8302	8387
2532	8116	8784	8303	8388
2533	8117	8786	8304	8389
2534	8118	8787	8305	8390
2535	8119	8789	8306	8391
2536	8120	8790	8307	8392
2537	8120	8792	8308	8393
2538	8121	8792	8309	8394
2539	8122	8793	8310	8395
2540	8122	8795	8311	8396
2541	8123	8796	8312	8397
2542	8124	8796	8313	8398
2543	8125	8798	8314	8399
2544	8126	8799	8316	8400
2545	8126	8800	8317	8401
2546	8128	8801	8318	8402
2547	8129	8802	8319	8403
2548	8130	8803	8320	8404
2549	8131	8804	8322	8405
2550	8131	8806	8323	8406
2551	8132	8807	8324	8408
2552	8133	8808	8325	8409
2553	8134	8809	8326	8410
2554	8134	8810	8327	8411
2555	8135	8812	8328	8412
2556	8137	8813	8330	8413
2557	8137	8814	8331	8414
2558	8138	8816	8332	8415
2559	8139	8817	8333	8416
2560	8139	8819	8334	8417
2561	8140	8819	8335	8418
2562	8141	8820	8336	8419
2563	8142	8821	8337	8421
2564	8143	8822	8338	8422
2565	8144	8823	8339	8423
2566	8145	8824	8341	8424
2567	8147	8825	8342	8425
2568	8148	8827	8343	8426
2569	8148	8828	8344	8427
2570	8150	8829	8345	8428
2571	8150	8830	8346	8429
2572	8151	8831	8348	8430
2573	8152	8833	8349	8431
2574	8153	8834	8350	8432
2575	8154	8836	8351	8433
2576	8155	8837	8352	8434
2577	8155	8839	8354	8436
2578	8156	8840	8355	8437
2579	8157	8842	8356	8438
2580	8158	8843	8357	8439
2581	8159	8844	8358	8440
2582	8160	8845	8359	8441
2583	8162	8846	8360	8442
2584	8162	8847	8362	8443
2585	8163	8848	8363	8444
2586	8164	8850	8364	8445
2587	8164	8851	8365	8446
2588	8165	8852	8367	8448
2589	8166	8854	8367	8449
2590	8167	8855	8369	8450
2591	8168	8856	8370	8451
2592	8168	8857	8371	8452
2593	8169	8859	8372	8453
2594	8170	8860	8373	8454
2595	8170	8862	8375	8455
2596	8171	8863	8376	8456
2597	8173	8865	8377	8457
2598	8173	8866	8378	8458
2599	8174	8868	8380	8460
2600	8174	8869	8381	8461
2601	8176	8870	8382	8462
2602	8177	8871	8383	8463
2603	8178	8872	8384	8464
2604	8178	8873	8385	8465
2605	8179	8874	8386	8466
2606	8181	8875	8387	8467
2607	8181	8877	8388	8468
2608	8183	8878	8389	8469
2609	8184	8879	8390	8470
2610	8185	8880	8392	8472
2611	8186	8882	8393	8473
2612	8187	8883	8394	8474
2613	8188	8884	8395	8475
2614	8189	8885	8396	8476
2615	8189	8886	8397	8477
2616	8190	8887	8398	8478
2617	8190	8889	8400	8479
2618	8191	8890	8401	8480
2619	8191	8891	8402	8481
2620	8192	8892	8403	8483
2621	8193	8893	8404	8484
2622	8194	8895	8405	8485
2623	8196	8896	8406	8486
2624	8197	8897	8407	8487
2625	8198	8898	8408	8488
2626	8198	8899	8409	8489
2627	8199	8901	8410	8490
2628	8200	8902	8411	8491
2629	8201	8903	8412	8492
2630	8202	8904	8413	8493
2631	8202	8905	8414	8494
2632	8203	8906	8415	8496
2633	8204	8908	8417	8497
2634	8205	8909	8418	8498
2635	8206	8911	8419	8499
2636	8207	8912	8420	8500
2637	8207	8914	8421	8501
2638	8208	8915	8422	8502
2639	8209	8917	8423	8503
2640	8210	8918	8425	8504
2641	8211	8918	8426	8506
2642	8212	8919	8427	8507
2643	8213	8921	8429	8508
2644	8214	8922	8430	8510
2645	8214	8922	8431	8511
2646	8215	8924	8433	8512
2647	8216	8925	8434	8514
2648	8217	8926	8435	8515
2649	8218	8927	8437	8516
2650	8218	8928	8438	8518
2651	8219	8929	8440	8519
2652	8219	8930	8441	8520
2653	8220	8932	8443	8522
2654	8221	8933	8444	8523
2655	8222	8934	8445	8524
2656	8224	8934	8447	8526
2657	8225	8935	8448	8527
2658	8226	8936	8450	8528
2659	8227	8937	8452	8530
2660	8228	8939	8453	8531
2661	8229	8940	8454	8532
2662	8230	8941	8455	8533
2663	8232	8942	8456	8534
2664	8234	8943	8458	8536
2665	8235	8945	8459	8537
2666	8236	8945	8460	8538
2667	8237	8947	8461	8539
2668	8238	8948	8462	8540
2669	8240	8949	8464	8542
2670	8241	8951	8465	8543
2671	8242	8952	8466	8544
2672	8243	8953	8467	8545
2673	8244	8954	8469	8546
2674	8246	8955	8470	8547
2675	8248	8956	8471	8549
2676	8250	8957	8473	8550
2677	8251	8958	8474	8551
2678	8252	8959	8475	8552
2679	8254	8961	8477	8553
2680	8255	8961	8479	8555
2681	8257	8962	8480	8556
2682	8258	8963	8480	8557
2683	8259	8964	8481	8558
2684	8260	8966	8483	8559
2685	8262	8967	8484	8560
2686	8263	8968	8484	8561
2687	8264	8969	8486	8562
2688	8265	8971	8486	8563
2689	8267	8973	8488	8564
2690	8267	8973	8489	8565
2691	8268	8975	8490	8566
2692	8269	8976	8492	8567
2693	8270	8977	8493	8569
2694	8271	8979	8494	8570
2695	8272	8980	8495	8571
2696	8273	8981	8496	8572
2697	8274	8981	8497	8573
2698	8275	8982	8499	8574
2699	8276	8983	8500	8575
2700	8277	8985	8501	8576
2701	8278	8986	8502	8577
2702	8280	8987	8503	8578
2703	8281	8989	8504	8579
2704	8282	8989	8505	8580
2705	8283	8990	8506	8581
2706	8284	8992	8507	8583
2707	8285	8993	8508	8584
2708	8286	8994	8510	8585
2709	8287	8995	8511	8586
2710	8288	8996	8512	8587
2711	8289	8998	8513	8588
2712	8290	9000	8514	8589
2713	8291	9001	8515	8590
2714	8292	9002	8516	8591
2715	8293	9003	8518	8592
2716	8295	9005	8519	8593
2717	8296	9006	8520	8594
2718	8296	9007	8522	8596
2719	8298	9008	8523	8597
2720	8300	9009	8524	8598
2721	8301	9010	8525	8599
2722	8302	9012	8526	8600
2723	8304	9013	8527	8601
2724	8304	9015	8528	8602
2725	8306	9016	8529	8603
2726	8308	9017	8531	8604
2727	8309	9019	8532	8605
2728	8310	9020	8533	8606
2729	8311	9021	8535	8607
2730	8312	9023	8536	8609
2731	8313	9024	8537	8610
2732	8314	9025	8538	8611
2733	8315	9026	8539	8612
2734	8317	9027	8540	8613
2735	8319	9029	8542	8614
2736	8320	9030	8543	8615
2737	8321	9032	8544	8616
2738	8321	9033	8545	8617
2739	8322	9035	8547	8618
2740	8323	9036	8548	8619
2741	8324	9037	8549	8621
2742	8325	9038	8550	8622
2743	8326	9039	8551	8623
2744	8327	9040	8552	8624
2745	8328	9041	8553	8625
2746	8329	9042	8555	8626
2747	8330	9043	8556	8627
2748	8331	9044	8557	8628
2749	8332	9045	8558	8629
2750	8333	9046	8559	8630
2751	8334	9047	8560	8631
2752	8336	9049	8561	8632
2753	8337	9051	8562	8633
2754	8338	9052	8564	8635
2755	8340	9053	8565	8636
2756	8341	9054	8566	8637
2757	8342	9056	8567	8638
2758	8343	9057	8568	8639
2759	8344	9058	8570	8640
2760	8345	9059	8571	8641
2761	8346	9061	8572	8642
2762	8347	9063	8573	8643
2763	8347	9064	8574	8644
2764	8348	9065	8575	8645
2765	8349	9066	8576	8646
2766	8350	9067	8577	8648
2767	8352	9068	8578	8649
2768	8354	9069	8579	8650
2769	8355	9070	8580	8651
2770	8356	9072	8581	8652
2771	8357	9073	8582	8653
2772	8358	9074	8583	8654
2773	8358	9075	8584	8655
2774	8359	9076	8586	8656
2775	8360	9078	8587	8657
2776	8362	9079	8588	8658
2777	8363	9080	8589	8659
2778	8363	9082	8590	8661
2779	8365	9083	8591	8662
2780	8367	9085	8592	8663
2781	8368	9086	8594	8664
2782	8368	9087	8595	8665
2783	8371	9089	8596	8666
2784	8372	9090	8597	8667
2785	8373	9092	8598	8668
2786	8375	9093	8599	8669
2787	8376	9094	8600	8670
2788	8377	9096	8601	8671
2789	8378	9097	8603	8673
2790	8379	9100	8604	8674
2791	8380	9102	8605	8675
2792	8382	9103	8606	8676
2793	8383	9105	8607	8677
2794	8383	9107	8608	8678
2795	8384	9108	8609	8679
2796	8384	9109	8611	8680
2797	8386	9110	8612	8681
2798	8387	9111	8613	8682
2799	8387	9113	8614	8683
2800	8388	9114	8615	8685
2801	8390	9115	8616	8686
2802	8391	9117	8617	8687
2803	8391	9118	8619	8688
2804	8392	9119	8620	8689
2805	8394	9119	8621	8690
2806	8395	9121	8622	8691
2807	8396	9122	8623	8692
2808	8397	9123	8625	8693
2809	8398	9124	8626	8694
2810	8400	9126	8627	8695
2811	8400	9127	8628	8696
2812	8401	9128	8630	8698
2813	8403	9130	8631	8699
2814	8404	9131	8632	8700
2815	8405	9132	8633	8701
2816	8405	9133	8634	8702
2817	8407	9135	8635	8703
2818	8408	9136	8637	8704
2819	8410	9137	8638	8705
2820	8411	9138	8639	8706
2821	8413	9139	8640	8707
2822	8413	9140	8641	8708
2823	8415	9142	8642	8710
2824	8416	9144	8643	8711
2825	8416	9145	8644	8712
2826	8417	9146	8645	8713
2827	8418	9147	8647	8714
2828	8419	9149	8648	8715
2829	8422	9149	8649	8716
2830	8422	9150	8650	8717
2831	8423	9152	8651	8718
2832	8424	9153	8653	8719
2833	8426	9155	8654	8720
2834	8427	9156	8655	8721
2835	8429	9158	8656	8723
2836	8430	9159	8657	8724
2837	8431	9160	8658	8725
2838	8432	9162	8659	8726
2839	8434	9163	8660	8727
2840	8434	9165	8662	8728
2841	8435	9165	8663	8729
2842	8436	9166	8664	8730
2843	8438	9168	8665	8731
2844	8438	9169	8666	8732
2845	8440	9170	8667	8733
2846	8441	9172	8668	8734
2847	8442	9173	8669	8736
2848	8443	9175	8670	8737
2849	8444	9177	8671	8738
2850	8447	9178	8673	8739
2851	8448	9180	8674	8740
2852	8448	9181	8675	8741
2853	8449	9183	8676	8742
2854	8449	9183	8677	8743
2855	8451	9185	8678	8744
2856	8452	9187	8679	8745
2857	8454	9188	8680	8746
2858	8455	9189	8681	8747
2859	8456	9191	8683	8749
2860	8457	9192	8684	8750
2861	8458	9193	8685	8751
2862	8459	9194	8686	8752
2863	8460	9195	8687	8753
2864	8461	9196	8688	8754
2865	8462	9197	8689	8755
2866	8463	9198	8690	8756
2867	8464	9200	8692	8757
2868	8465	9201	8693	8758
2869	8466	9202	8694	8759
2870	8466	9202	8695	8760
2871	8467	9203	8696	8761
2872	8468	9204	8698	8762
2873	8469	9205	8699	8764
2874	8470	9206	8700	8765
2875	8471	9207	8701	8766
2876	8472	9208	8702	8767
2877	8473	9210	8703	8768
2878	8474	9212	8704	8769
2879	8476	9213	8706	8770
2880	8476	9215	8706	8771
2881	8478	9216	8707	8772
2882	8480	9216	8708	8773
2883	8480	9217	8709	8774
2884	8481	9218	8711	8775
2885	8484	9220	8711	8776
2886	8484	9221	8712	8777
2887	8485	9222	8713	8778
2888	8486	9224	8714	8779
2889	8488	9225	8716	8780
2890	8489	9226	8717	8782
2891	8489	9228	8718	8783
2892	8490	9229	8719	8784
2893	8491	9230	8720	8785
2894	8492	9231	8721	8786
2895	8493	9231	8722	8787
2896	8495	9232	8723	8788
2897	8496	9234	8724	8789
2898	8497	9236	8725	8790
2899	8498	9237	8727	8791
2900	8499	9238	8728	8792
2901	8500	9240	8729	8793
2902	8502	9240	8730	8794
2903	8503	9241	8731	8795
2904	8504	9242	8732	8796
2905	8504	9243	8733	8797
2906	8505	9244	8734	8798
2907	8506	9245	8735	8799
2908	8508	9246	8736	8800
2909	8509	9248	8737	8801
2910	8511	9249	8738	8802
