depth	min	max	median	mean
1140	4021	4375	4194	4197
1141	4028	4380	4201	4203
1142	4034	4386	4207	4209
1143	4041	4392	4213	4215
1144	4048	4397	4219	4221
1145	4054	4403	4225	4228
1146	4061	4409	4231	4234
1147	4067	4414	4237	4240
1148	4074	4420	4244	4246
1149	4080	4426	4250	4252
1150	4087	4432	4256	4258
1151	4093	4437	4262	4264
1152	4100	4443	4268	4271
1153	4106	4449	4274	4277
1154	4113	4454	4281	4283
1155	4120	4460	4287	4289
1156	4126	4466	4293	4295
1157	4133	4471	4299	4301
1158	4139	4477	4305	4307
1159	4146	4483	4311	4314
1160	4152	4488	4318	4320
1161	4159	4494	4324	4326
1162	4165	4500	4330	4332
1163	4172	4505	4336	4338
1164	4178	4511	4342	4344
1165	4185	4517	4348	4350
1166	4191	4522	4354	4356
1167	4198	4528	4361	4363
1168	4204	4534	4367	4369
1169	4211	4539	4373	4375
1170	4217	4545	4379	4381
1171	4224	4551	4385	4387
1172	4231	4556	4391	4393
1173	4237	4562	4398	4399
1174	4244	4568	4404	4406
1175	4250	4573	4410	4412
1176	4257	4579	4416	4418
1177	4263	4585	4422	4424
1178	4270	4591	4428	4430
1179	4276	4596	4434	4436
1180	4283	4602	4441	4442
1181	4290	4608	4447	4449
1182	4296	4613	4453	4455
1183	4303	4619	4459	4461
1184	4309	4625	4465	4467
1185	4316	4630	4471	4473
1186	4322	4636	4478	4479
1187	4329	4642	4484	4485
1188	4335	4647	4490	4492
1189	4342	4653	4496	4498
1190	4348	4659	4502	4504
1191	4355	4664	4508	4510
1192	4361	4670	4514	4516
1193	4368	4676	4521	4522
1194	4375	4681	4527	4528
1195	4381	4687	4533	4534
1196	4388	4693	4539	4541
1197	4394	4698	4545	4547
1198	4401	4704	4551	4553
1199	4408	4710	4557	4559
1200	4414	4715	4564	4565
1201	4421	4721	4570	4571
1202	4427	4727	4576	4577
1203	4434	4732	4582	4584
1204	4440	4738	4588	4590
1205	4447	4744	4594	4596
1206	4453	4749	4600	4602
1207	4460	4755	4607	4608
1208	4466	4761	4613	4614
1209	4473	4766	4619	4620
1210	4480	4772	4625	4627
1211	4486	4778	4631	4633
1212	4493	4783	4637	4639
1213	4499	4789	4643	4645
1214	4506	4795	4649	4651
1215	4512	4800	4655	4657
1216	4519	4806	4662	4663
1217	4525	4812	4668	4669
1218	4532	4818	4674	4676
1219	4539	4823	4680	4682
1220	4545	4829	4686	4688
1221	4552	4835	4692	4694
1222	4558	4840	4698	4700
1223	4565	4846	4704	4706
1224	4571	4852	4711	4712
1225	4578	4857	4717	4719
1226	4584	4863	4723	4725
1227	4591	4869	4729	4731
1228	4598	4874	4735	4737
1229	4604	4880	4741	4743
1230	4611	4886	4748	4749
1231	4617	4892	4754	4755
1232	4624	4897	4760	4762
1233	4630	4903	4766	4768
1234	4637	4909	4772	4774
1235	4643	4914	4778	4780
1236	4650	4920	4784	4786
1237	4656	4926	4791	4792
1238	4663	4931	4797	4798
1239	4670	4937	4803	4805
1240	4676	4943	4809	4811
1241	4683	4948	4815	4817
1242	4689	4954	4821	4823
1243	4696	4960	4827	4829
1244	4702	4965	4833	4835
1245	4709	4971	4839	4841
1246	4715	4977	4846	4847
1247	4722	4982	4852	4854
1248	4729	4988	4858	4860
1249	4735	4994	4864	4866
1250	4742	4999	4870	4872
1251	4749	5005	4876	4878
1252	4755	5011	4882	4884
1253	4762	5016	4889	4890
1254	4768	5022	4895	4897
1255	4775	5027	4901	4903
1256	4781	5033	4907	4909
1257	4788	5039	4913	4915
1258	4794	5044	4919	4921
1259	4801	5050	4925	4927
1260	4807	5056	4932	4933
1261	4814	5062	4938	4940
1262	4820	5067	4944	4946
1263	4827	5073	4950	4952
1264	4833	5078	4956	4958
1265	4840	5084	4962	4964
1266	4846	5090	4969	4970
1267	4853	5096	4975	4976
1268	4859	5101	4981	4983
1269	4866	5107	4987	4989
1270	4873	5113	4993	4995
1271	4879	5118	4999	5001
1272	4886	5124	5006	5007
1273	4892	5130	5012	5013
1274	4899	5135	5018	5019
1275	4905	5141	5024	5025
1276	4912	5147	5030	5032
1277	4918	5152	5036	5038
1278	4925	5158	5042	5044
1279	4931	5164	5049	5050
1280	4938	5169	5055	5056
1281	4945	5175	5061	5062
1282	4951	5181	5067	5068
1283	4958	5186	5073	5075
1284	4964	5192	5079	5081
1285	4971	5198	5086	5087
1286	4978	5203	5092	5093
1287	4984	5209	5098	5099
1288	4991	5215	5104	5105
1289	4997	5221	5110	5111
1290	5004	5226	5116	5118
1291	5011	5232	5122	5124
1292	5017	5238	5129	5130
1293	5024	5243	5135	5136
1294	5031	5249	5141	5142
1295	5037	5255	5147	5148
1296	5044	5260	5153	5154
1297	5050	5266	5159	5160
1298	5057	5272	5165	5167
1299	5063	5277	5172	5173
1300	5070	5283	5178	5179
1301	5076	5289	5184	5185
1302	5082	5294	5190	5191
1303	5089	5300	5196	5197
1304	5095	5306	5202	5203
1305	5102	5311	5209	5210
1306	5109	5317	5215	5216
1307	5115	5323	5221	5222
1308	5121	5328	5227	5228
1309	5128	5334	5233	5234
1310	5134	5340	5240	5240
1311	5141	5345	5246	5246
1312	5148	5351	5252	5253
1313	5154	5357	5258	5259
1314	5161	5362	5264	5265
1315	5167	5368	5270	5271
1316	5174	5374	5276	5277
1317	5180	5379	5283	5283
1318	5187	5385	5289	5289
1319	5193	5391	5295	5296
1320	5200	5396	5301	5302
1321	5206	5402	5307	5308
1322	5213	5408	5314	5314
1323	5220	5413	5320	5320
1324	5226	5419	5326	5326
1325	5233	5425	5332	5332
1326	5239	5430	5338	5338
1327	5246	5436	5344	5345
1328	5252	5442	5350	5351
1329	5259	5448	5357	5357
1330	5265	5453	5363	5363
1331	5272	5459	5369	5369
1332	5278	5465	5375	5375
1333	5285	5470	5381	5381
1334	5292	5476	5387	5388
1335	5298	5482	5394	5394
1336	5305	5487	5400	5400
1337	5311	5493	5406	5406
1338	5318	5499	5412	5412
1339	5324	5505	5418	5418
1340	5331	5510	5424	5424
1341	5337	5516	5431	5431
1342	5344	5522	5437	5437
1343	5351	5527	5443	5443
1344	5357	5533	5449	5449
1345	5364	5539	5455	5455
1346	5370	5544	5462	5461
1347	5377	5550	5468	5467
1348	5383	5556	5474	5474
1349	5390	5561	5480	5480
1350	5396	5567	5486	5486
1351	5403	5573	5493	5492
1352	5409	5578	5499	5498
1353	5416	5584	5505	5504
1354	5422	5589	5511	5510
1355	5429	5595	5517	5516
1356	5435	5601	5523	5523
1357	5442	5606	5530	5529
1358	5448	5612	5536	5535
1359	5455	5618	5542	5541
1360	5461	5624	5548	5547
1361	5468	5629	5554	5553
1362	5474	5635	5561	5559
1363	5481	5641	5567	5566
1364	5487	5646	5573	5572
1365	5493	5652	5579	5578
1366	5500	5658	5585	5584
1367	5507	5664	5592	5590
1368	5513	5669	5598	5596
1369	5519	5675	5604	5602
1370	5526	5681	5610	5609
1371	5532	5686	5616	5615
1372	5538	5692	5623	5621
1373	5545	5698	5629	5627
1374	5551	5704	5635	5633
1375	5557	5709	5641	5639
1376	5563	5715	5647	5645
1377	5570	5721	5654	5651
1378	5576	5726	5660	5658
1379	5583	5732	5666	5664
1380	5589	5738	5672	5670
1381	5596	5743	5678	5676
1382	5602	5749	5685	5682
1383	5608	5755	5691	5688
1384	5615	5760	5697	5694
1385	5621	5766	5703	5701
1386	5628	5772	5709	5707
1387	5634	5778	5715	5713
1388	5640	5783	5722	5719
1389	5647	5789	5728	5725
1390	5653	5795	5734	5731
1391	5659	5801	5740	5737
1392	5666	5806	5746	5744
1393	5673	5812	5753	5750
1394	5679	5818	5759	5756
1395	5686	5824	5765	5762
1396	5692	5830	5771	5768
1397	5699	5835	5777	5774
1398	5705	5841	5784	5780
1399	5712	5847	5790	5787
1400	5718	5852	5796	5793
1401	5725	5858	5802	5799
1402	5731	5864	5808	5805
1403	5737	5870	5815	5811
1404	5744	5875	5821	5817
1405	5750	5881	5827	5823
1406	5757	5887	5833	5829
1407	5763	5892	5839	5836
1408	5769	5898	5846	5842
1409	5776	5904	5852	5848
1410	5782	5910	5858	5854
1411	5789	5916	5864	5860
1412	5795	5921	5871	5866
1413	5802	5927	5877	5872
1414	5808	5933	5883	5879
1415	5815	5939	5889	5885
1416	5821	5944	5895	5891
1417	5827	5950	5902	5897
1418	5834	5956	5908	5903
1419	5840	5962	5914	5909
1420	5847	5968	5920	5915
1421	5853	5974	5926	5922
1422	5860	5979	5933	5928
1423	5866	5985	5939	5934
1424	5872	5991	5945	5940
1425	5879	5997	5951	5946
1426	5885	6003	5957	5952
1427	5892	6008	5964	5958
1428	5898	6014	5970	5965
1429	5904	6020	5976	5971
1430	5911	6026	5982	5977
1431	5917	6032	5988	5983
1432	5923	6037	5995	5989
1433	5929	6043	6001	5995
1434	5936	6049	6007	6001
1435	5942	6055	6013	6007
1436	5948	6061	6019	6014
1437	5955	6067	6026	6020
1438	5961	6073	6032	6026
1439	5967	6079	6038	6032
1440	5974	6085	6044	6038
1441	5980	6090	6050	6044
1442	5986	6096	6057	6050
1443	5993	6102	6063	6057
1444	5999	6108	6069	6063
1445	6005	6114	6075	6069
1446	6011	6120	6081	6075
1447	6018	6126	6087	6081
1448	6024	6131	6094	6087
1449	6030	6137	6100	6093
1450	6036	6143	6106	6100
1451	6043	6149	6112	6106
1452	6049	6155	6118	6112
1453	6055	6161	6124	6118
1454	6062	6167	6130	6124
1455	6068	6173	6137	6130
1456	6074	6179	6143	6136
1457	6081	6185	6149	6142
1458	6087	6191	6155	6149
1459	6093	6197	6161	6155
1460	6100	6203	6167	6161
1461	6106	6208	6174	6167
1462	6112	6214	6180	6173
1463	6119	6221	6186	6179
1464	6125	6227	6192	6185
1465	6131	6233	6198	6192
1466	6137	6239	6204	6198
1467	6143	6245	6210	6204
1468	6150	6251	6217	6210
1469	6156	6257	6223	6216
1470	6162	6263	6229	6222
1471	6168	6269	6235	6228
1472	6174	6275	6241	6235
1473	6181	6281	6247	6241
1474	6187	6287	6253	6247
1475	6193	6294	6260	6253
1476	6199	6300	6266	6259
1477	6205	6306	6272	6265
1478	6212	6312	6278	6271
1479	6218	6318	6284	6278
1480	6224	6324	6290	6284
1481	6230	6330	6296	6290
1482	6236	6336	6303	6296
1483	6242	6343	6309	6302
1484	6249	6349	6315	6308
1485	6255	6355	6321	6314
1486	6261	6361	6327	6320
1487	6267	6367	6333	6327
1488	6273	6373	6340	6333
1489	6279	6379	6346	6339
1490	6286	6385	6352	6345
1491	6292	6392	6358	6351
1492	6298	6398	6364	6357
1493	6304	6404	6370	6363
1494	6310	6410	6376	6370
1495	6316	6416	6382	6376
1496	6322	6422	6389	6382
1497	6328	6428	6395	6388
1498	6334	6434	6401	6394
1499	6341	6441	6407	6400
1500	6347	6447	6413	6406
1501	6353	6453	6419	6413
1502	6359	6459	6426	6419
1503	6365	6465	6432	6425
1504	6371	6471	6438	6431
1505	6377	6478	6444	6437
1506	6383	6484	6450	6443
1507	6389	6490	6456	6449
1508	6395	6496	6462	6456
1509	6402	6502	6469	6462
1510	6408	6509	6475	6468
1511	6414	6515	6481	6474
1512	6420	6521	6487	6480
1513	6426	6527	6493	6486
1514	6432	6533	6499	6492
1515	6438	6540	6506	6498
1516	6444	6546	6512	6505
1517	6450	6552	6518	6511
1518	6456	6558	6524	6517
1519	6462	6564	6530	6523
1520	6468	6571	6536	6529
1521	6474	6577	6543	6535
1522	6480	6583	6549	6541
1523	6486	6589	6555	6548
1524	6493	6596	6561	6554
1525	6499	6602	6567	6560
1526	6505	6608	6573	6566
1527	6511	6614	6580	6572
1528	6517	6621	6586	6578
1529	6523	6627	6592	6584
1530	6529	6633	6598	6591
1531	6535	6639	6604	6597
1532	6541	6646	6611	6603
1533	6547	6652	6617	6609
1534	6553	6658	6623	6615
1535	6559	6664	6629	6621
1536	6565	6670	6636	6627
1537	6571	6677	6642	6633
1538	6577	6683	6648	6640
1539	6583	6689	6654	6646
1540	6589	6695	6660	6652
1541	6596	6702	6667	6658
1542	6602	6708	6673	6664
1543	6608	6715	6679	6670
1544	6614	6721	6685	6676
1545	6620	6727	6691	6683
1546	6626	6734	6698	6689
1547	6632	6740	6704	6695
1548	6638	6746	6710	6701
1549	6644	6752	6716	6707
1550	6650	6759	6722	6713
1551	6656	6765	6729	6719
1552	6662	6772	6735	6726
1553	6668	6778	6741	6732
1554	6674	6784	6747	6738
1555	6680	6790	6753	6744
1556	6686	6797	6760	6750
1557	6692	6803	6766	6756
1558	6698	6809	6772	6762
1559	6704	6816	6778	6769
1560	6710	6822	6785	6775
1561	6716	6828	6791	6781
1562	6722	6834	6797	6787
1563	6728	6841	6803	6793
1564	6734	6847	6809	6799
1565	6740	6854	6816	6805
1566	6746	6860	6822	6811
1567	6752	6866	6828	6818
1568	6758	6873	6834	6824
1569	6764	6879	6840	6830
1570	6770	6885	6847	6836
1571	6776	6892	6853	6842
1572	6782	6898	6859	6848
1573	6788	6904	6865	6854
1574	6794	6911	6872	6861
1575	6800	6917	6878	6867
1576	6806	6924	6884	6873
1577	6812	6930	6890	6879
1578	6818	6936	6896	6885
1579	6824	6943	6903	6891
1580	6830	6949	6909	6897
1581	6836	6955	6915	6904
1582	6842	6962	6921	6910
1583	6848	6968	6928	6916
1584	6854	6975	6934	6922
1585	6859	6981	6940	6928
1586	6865	6987	6946	6934
1587	6872	6994	6953	6940
1588	6877	7000	6959	6947
1589	6883	7007	6965	6953
1590	6889	7013	6971	6959
1591	6895	7019	6978	6965
1592	6901	7025	6984	6971
1593	6907	7032	6990	6977
1594	6913	7038	6996	6983
1595	6919	7045	7003	6989
1596	6925	7051	7009	6996
1597	6931	7058	7015	7002
1598	6937	7064	7021	7008
1599	6943	7070	7027	7014
1600	6949	7077	7034	7020
1601	6955	7083	7040	7026
1602	6961	7089	7046	7032
1603	6967	7096	7052	7039
1604	6972	7102	7059	7045
1605	6978	7109	7065	7051
1606	6984	7115	7071	7057
1607	6990	7122	7077	7063
1608	6996	7128	7084	7069
1609	7002	7134	7090	7075
1610	7008	7141	7096	7082
1611	7014	7147	7102	7088
1612	7020	7154	7108	7094
1613	7026	7160	7115	7100
1614	7032	7167	7121	7106
1615	7038	7173	7127	7112
1616	7044	7179	7133	7118
1617	7050	7186	7140	7124
1618	7056	7192	7146	7131
1619	7062	7199	7152	7137
1620	7068	7205	7158	7143
1621	7074	7212	7164	7149
1622	7079	7218	7171	7155
1623	7085	7224	7177	7161
1624	7091	7231	7183	7167
1625	7097	7237	7189	7174
1626	7103	7244	7195	7180
1627	7109	7250	7202	7186
1628	7115	7256	7208	7192
1629	7121	7263	7214	7198
1630	7127	7269	7220	7204
1631	7133	7275	7227	7210
1632	7139	7282	7233	7217
1633	7144	7288	7239	7223
1634	7150	7295	7245	7229
1635	7156	7301	7251	7235
1636	7162	7307	7258	7241
1637	7168	7314	7264	7247
1638	7174	7320	7270	7253
1639	7179	7326	7276	7260
1640	7185	7333	7282	7266
1641	7186	7333	7283	7266
1642	7186	7333	7283	7266
1643	7187	7333	7283	7267
1644	7187	7333	7284	7267
1645	7188	7334	7284	7267
1646	7188	7334	7284	7268
1647	7189	7334	7285	7268
1648	7190	7334	7285	7268
1649	7190	7334	7285	7269
1650	7191	7334	7285	7269
1651	7191	7335	7286	7269
1652	7192	7335	7286	7270
1653	7192	7335	7286	7270
1654	7193	7335	7287	7271
1655	7193	7335	7287	7271
1656	7194	7336	7287	7271
1657	7194	7336	7288	7272
1658	7195	7336	7288	7272
1659	7196	7336	7288	7272
1660	7196	7336	7289	7273
1661	7197	7336	7289	7273
1662	7197	7336	7289	7273
1663	7198	7336	7289	7274
1664	7198	7337	7290	7274
1665	7199	7337	7290	7274
1666	7200	7337	7290	7275
1667	7200	7337	7291	7275
1668	7201	7337	7291	7275
1669	7201	7338	7291	7276
1670	7202	7338	7292	7276
1671	7202	7338	7292	7276
1672	7203	7338	7292	7277
1673	7203	7338	7292	7277
1674	7204	7339	7293	7277
1675	7205	7339	7293	7278
1676	7205	7339	7293	7278
1677	7206	7339	7294	7278
1678	7206	7339	7294	7279
1679	7207	7339	7294	7279
1680	7207	7340	7295	7280
1681	7208	7340	7295	7280
1682	7208	7340	7295	7280
1683	7209	7340	7295	7281
1684	7209	7340	7296	7281
1685	7210	7340	7296	7281
1686	7210	7341	7296	7282
1687	7211	7341	7297	7282
1688	7211	7341	7297	7282
1689	7212	7341	7297	7283
1690	7212	7341	7298	7283
1691	7213	7341	7298	7283
1692	7214	7342	7298	7284
1693	7214	7342	7299	7284
1694	7215	7342	7299	7284
1695	7215	7342	7299	7285
1696	7216	7342	7299	7285
1697	7216	7342	7300	7285
1698	7217	7343	7300	7286
1699	7217	7343	7300	7286
1700	7218	7343	7301	7286
1701	7218	7343	7301	7287
1702	7219	7343	7301	7287
1703	7219	7344	7301	7287
1704	7220	7344	7302	7288
1705	7220	7344	7302	7288
1706	7221	7344	7302	7289
1707	7221	7344	7303	7289
1708	7222	7344	7303	7289
1709	7222	7345	7303	7290
1710	7223	7345	7304	7290
1711	7224	7345	7304	7290
1712	7224	7345	7304	7291
1713	7225	7345	7305	7291
1714	7225	7345	7305	7291
1715	7226	7345	7305	7292
1716	7226	7346	7306	7292
1717	7227	7346	7306	7292
1718	7227	7346	7306	7293
1719	7228	7346	7306	7293
1720	7228	7346	7307	7293
1721	7229	7346	7307	7294
1722	7229	7347	7307	7294
1723	7230	7347	7308	7294
1724	7230	7347	7308	7295
1725	7231	7347	7308	7295
1726	7231	7347	7309	7295
1727	7232	7347	7309	7296
1728	7232	7348	7309	7296
1729	7233	7348	7309	7296
1730	7233	7348	7310	7297
1731	7234	7348	7310	7297
1732	7234	7348	7310	7298
1733	7235	7349	7311	7298
1734	7235	7349	7311	7298
1735	7236	7349	7311	7299
1736	7236	7349	7312	7299
1737	7237	7349	7312	7299
1738	7237	7349	7312	7300
1739	7238	7350	7313	7300
1740	7238	7350	7313	7300
1741	7239	7350	7313	7301
1742	7240	7350	7313	7301
1743	7240	7350	7314	7301
1744	7241	7351	7314	7302
1745	7241	7351	7314	7302
1746	7242	7351	7315	7302
1747	7242	7351	7315	7303
1748	7243	7351	7315	7303
1749	7244	7352	7316	7303
1750	7244	7352	7316	7304
1751	7245	7352	7316	7304
1752	7245	7352	7317	7304
1753	7246	7352	7317	7305
1754	7246	7352	7317	7305
1755	7247	7353	7318	7305
1756	7247	7353	7318	7306
1757	7248	7353	7318	7306
1758	7248	7353	7319	7307
1759	7249	7353	7319	7307
1760	7249	7354	7319	7307
1761	7250	7354	7320	7308
1762	7250	7354	7320	7308
1763	7251	7354	7320	7308
1764	7251	7355	7321	7309
1765	7252	7355	7321	7309
1766	7252	7355	7321	7309
1767	7253	7355	7322	7310
1768	7253	7356	7322	7310
1769	7254	7356	7322	7310
1770	7254	7356	7323	7311
1771	7255	7356	7323	7311
1772	7255	7357	7323	7311
1773	7256	7357	7324	7312
1774	7256	7357	7324	7312
1775	7257	7357	7324	7312
1776	7257	7358	7325	7313
1777	7258	7358	7325	7313
1778	7258	7358	7325	7313
1779	7259	7358	7326	7314
1780	7259	7358	7326	7314
1781	7260	7359	7326	7314
1782	7260	7359	7326	7315
1783	7261	7359	7327	7315
1784	7261	7359	7327	7316
1785	7262	7359	7327	7316
1786	7262	7360	7328	7316
1787	7263	7360	7328	7317
1788	7263	7360	7328	7317
1789	7264	7360	7328	7317
1790	7264	7360	7329	7318
1791	7265	7361	7329	7318
1792	7265	7361	7329	7318
1793	7266	7361	7330	7319
1794	7266	7361	7330	7319
1795	7267	7362	7330	7319
1796	7267	7362	7331	7320
1797	7268	7362	7331	7320
1798	7268	7362	7331	7320
1799	7268	7363	7331	7321
1800	7269	7363	7332	7321
1801	7269	7363	7332	7321
1802	7270	7364	7332	7322
1803	7270	7364	7332	7322
1804	7271	7364	7333	7322
1805	7271	7364	7333	7323
1806	7272	7365	7333	7323
1807	7272	7365	7334	7323
1808	7273	7366	7334	7324
1809	7273	7366	7334	7324
1810	7273	7366	7334	7325
1811	7274	7366	7335	7325
1812	7274	7367	7335	7325
1813	7275	7367	7335	7326
1814	7275	7367	7336	7326
1815	7276	7368	7336	7326
1816	7276	7368	7336	7327
1817	7277	7369	7336	7327
1818	7277	7369	7337	7327
1819	7278	7370	7337	7328
1820	7278	7370	7337	7328
1821	7279	7370	7338	7328
1822	7279	7371	7338	7329
1823	7279	7372	7338	7329
1824	7280	7372	7338	7329
1825	7280	7372	7339	7330
1826	7281	7373	7339	7330
1827	7281	7373	7339	7330
1828	7282	7374	7340	7331
1829	7282	7374	7340	7331
1830	7282	7375	7340	7331
1831	7283	7375	7340	7332
1832	7283	7375	7341	7332
1833	7284	7376	7341	7332
1834	7284	7376	7341	7333
1835	7285	7377	7342	7333
1836	7285	7377	7342	7334
1837	7285	7378	7342	7334
1838	7286	7379	7342	7334
1839	7286	7379	7343	7335
1840	7287	7380	7343	7335
1841	7287	7380	7343	7335
1842	7288	7380	7343	7336
1843	7288	7381	7344	7336
1844	7288	7382	7344	7336
1845	7289	7382	7344	7337
1846	7289	7382	7345	7337
1847	7290	7383	7345	7337
1848	7290	7384	7345	7338
1849	7290	7384	7345	7338
1850	7291	7385	7346	7338
1851	7291	7385	7346	7339
1852	7292	7386	7346	7339
1853	7292	7387	7346	7339
1854	7292	7387	7347	7340
1855	7293	7388	7347	7340
1856	7293	7389	7347	7340
1857	7294	7389	7348	7341
1858	7294	7390	7348	7341
1859	7295	7390	7348	7341
1860	7295	7391	7348	7342
1861	7296	7392	7349	7342
1862	7296	7392	7349	7343
1863	7296	7393	7349	7343
1864	7297	7394	7350	7343
1865	7297	7394	7350	7344
1866	7298	7395	7350	7344
1867	7298	7396	7350	7344
1868	7298	7397	7351	7345
1869	7299	7398	7351	7345
1870	7299	7398	7351	7345
1871	7300	7399	7351	7346
1872	7300	7400	7352	7346
1873	7301	7400	7352	7346
1874	7301	7401	7352	7347
1875	7301	7402	7353	7347
1876	7302	7403	7353	7347
1877	7302	7404	7353	7348
1878	7303	7404	7353	7348
1879	7303	7405	7354	7348
1880	7304	7406	7354	7349
1881	7304	7407	7354	7349
1882	7304	7408	7354	7349
1883	7305	7408	7355	7350
1884	7305	7409	7355	7350
1885	7306	7410	7355	7350
1886	7306	7411	7356	7351
1887	7306	7412	7356	7351
1888	7307	7412	7356	7352
1889	7307	7413	7356	7352
1890	7307	7414	7357	7352
1891	7308	7415	7357	7353
1892	7308	7415	7357	7353
1893	7309	7416	7357	7353
1894	7309	7417	7358	7354
1895	7309	7418	7358	7354
1896	7310	7419	7358	7354
1897	7310	7419	7359	7355
1898	7311	7420	7359	7355
1899	7311	7421	7359	7355
1900	7311	7422	7359	7356
1901	7312	7423	7360	7356
1902	7312	7423	7360	7356
1903	7312	7424	7360	7357
1904	7313	7425	7360	7357
1905	7313	7426	7361	7357
1906	7314	7426	7361	7358
1907	7314	7427	7361	7358
1908	7314	7428	7361	7358
1909	7315	7429	7362	7359
1910	7315	7430	7362	7359
1911	7316	7430	7362	7359
1912	7316	7431	7363	7360
1913	7316	7432	7363	7360
1914	7317	7433	7363	7361
1915	7317	7434	7363	7361
1916	7318	7434	7364	7361
1917	7318	7435	7364	7362
1918	7318	7436	7364	7362
1919	7319	7437	7364	7362
1920	7319	7437	7365	7363
1921	7320	7438	7365	7363
1922	7320	7439	7365	7363
1923	7320	7440	7365	7364
1924	7321	7440	7366	7364
1925	7321	7441	7366	7364
1926	7321	7442	7366	7365
1927	7322	7443	7367	7365
1928	7322	7444	7367	7365
1929	7322	7445	7367	7366
1930	7323	7445	7367	7366
1931	7323	7446	7368	7366
1932	7324	7447	7368	7367
1933	7324	7448	7368	7367
1934	7324	7448	7368	7367
1935	7325	7449	7369	7368
1936	7325	7450	7369	7368
1937	7325	7451	7369	7368
1938	7326	7452	7370	7369
1939	7326	7452	7370	7369
1940	7326	7453	7370	7370
1941	7327	7454	7370	7370
1942	7327	7455	7371	7370
1943	7327	7455	7371	7371
1944	7328	7456	7371	7371
1945	7328	7457	7372	7371
1946	7329	7458	7372	7372
1947	7329	7458	7372	7372
1948	7329	7459	7372	7372
1949	7329	7460	7373	7373
1950	7330	7461	7373	7373
1951	7330	7461	7373	7373
1952	7331	7462	7373	7374
1953	7331	7463	7374	7374
1954	7331	7464	7374	7374
1955	7331	7465	7374	7375
1956	7332	7465	7374	7375
1957	7332	7466	7375	7375
1958	7332	7467	7375	7376
1959	7333	7468	7375	7376
1960	7333	7469	7376	7376
1961	7333	7470	7376	7377
1962	7334	7470	7376	7377
1963	7334	7471	7376	7377
1964	7334	7472	7377	7378
1965	7334	7473	7377	7378
1966	7335	7473	7377	7379
1967	7335	7474	7378	7379
1968	7335	7475	7378	7379
1969	7336	7475	7378	7380
1970	7336	7476	7378	7380
1971	7336	7477	7379	7380
1972	7337	7478	7379	7381
1973	7337	7478	7379	7381
1974	7337	7479	7380	7381
1975	7338	7480	7380	7382
1976	7338	7481	7380	7382
1977	7338	7481	7380	7382
1978	7338	7482	7381	7383
1979	7339	7483	7381	7383
1980	7339	7484	7381	7383
1981	7339	7484	7382	7384
1982	7340	7485	7382	7384
1983	7340	7486	7382	7384
1984	7340	7487	7382	7385
1985	7341	7487	7383	7385
1986	7341	7488	7383	7385
1987	7341	7489	7383	7386
1988	7342	7490	7384	7386
1989	7342	7490	7384	7386
1990	7342	7491	7384	7387
1991	7342	7492	7384	7387
1992	7343	7493	7385	7388
1993	7343	7494	7385	7388
1994	7343	7494	7385	7388
1995	7343	7495	7386	7389
1996	7343	7496	7386	7389
1997	7343	7497	7386	7389
1998	7344	7498	7386	7390
1999	7344	7498	7387	7390
2000	7344	7499	7387	7390
2001	7344	7500	7387	7391
2002	7345	7501	7388	7391
2003	7345	7502	7388	7391
2004	7345	7502	7388	7392
2005	7345	7503	7389	7392
2006	7346	7504	7389	7392
2007	7346	7505	7389	7393
2008	7346	7505	7390	7393
2009	7346	7506	7390	7393
2010	7346	7507	7390	7394
2011	7347	7507	7390	7394
2012	7347	7508	7391	7394
2013	7347	7509	7391	7395
2014	7347	7510	7391	7395
2015	7347	7511	7392	7395
2016	7348	7511	7392	7396
2017	7348	7512	7392	7396
2018	7348	7513	7393	7397
2019	7348	7514	7393	7397
2020	7348	7514	7393	7397
2021	7349	7515	7394	7398
2022	7349	7516	7394	7398
2023	7349	7517	7394	7398
2024	7349	7517	7395	7399
2025	7349	7518	7395	7399
2026	7350	7519	7395	7399
2027	7350	7519	7396	7400
2028	7350	7520	7396	7400
2029	7350	7521	7396	7400
2030	7350	7522	7397	7401
2031	7351	7523	7397	7401
2032	7351	7523	7397	7401
2033	7351	7524	7398	7402
2034	7351	7525	7398	7402
2035	7351	7526	7398	7402
2036	7352	7526	7399	7403
2037	7352	7527	7399	7403
2038	7352	7528	7399	7403
2039	7352	7529	7400	7404
2040	7353	7529	7400	7404
2041	7353	7530	7400	7404
2042	7353	7531	7401	7405
2043	7353	7532	7401	7405
2044	7354	7532	7401	7406
2045	7354	7533	7402	7406
2046	7354	7534	7402	7406
2047	7354	7535	7402	7407
2048	7354	7535	7403	7407
2049	7355	7536	7403	7407
2050	7355	7537	7403	7408
2051	7355	7538	7404	7408
2052	7355	7538	7404	7408
2053	7355	7539	7404	7409
2054	7356	7540	7405	7409
2055	7356	7541	7405	7409
2056	7356	7541	7405	7410
2057	7356	7542	7406	7410
2058	7356	7543	7406	7410
2059	7356	7544	7406	7411
2060	7357	7544	7406	7411
2061	7357	7545	7407	7411
2062	7357	7546	7407	7412
2063	7357	7547	7407	7412
2064	7358	7547	7408	7412
2065	7358	7548	7408	7413
2066	7358	7549	7408	7413
2067	7358	7550	7409	7413
2068	7358	7551	7409	7414
2069	7358	7551	7409	7414
2070	7358	7552	7410	7415
2071	7359	7553	7410	7415
2072	7359	7554	7410	7415
2073	7359	7555	7411	7416
2074	7359	7555	7411	7416
2075	7359	7556	7411	7416
2076	7360	7557	7412	7417
2077	7360	7558	7412	7417
2078	7360	7559	7412	7417
2079	7360	7560	7413	7418
2080	7360	7560	7413	7418
2081	7361	7561	7413	7418
2082	7361	7562	7414	7419
2083	7361	7563	7414	7419
2084	7361	7563	7414	7419
2085	7361	7564	7415	7420
2086	7361	7565	7415	7420
2087	7362	7566	7415	7420
2088	7362	7567	7416	7421
2089	7362	7567	7416	7421
2090	7362	7568	7416	7421
2091	7362	7569	7417	7422
2092	7363	7570	7417	7422
2093	7363	7571	7417	7422
2094	7363	7572	7418	7423
2095	7363	7572	7418	7423
2096	7363	7573	7418	7424
2097	7364	7574	7419	7424
2098	7364	7574	7419	7424
2099	7364	7575	7419	7425
2100	7364	7576	7420	7425
2101	7364	7577	7420	7425
2102	7364	7578	7420	7426
2103	7365	7578	7421	7426
2104	7365	7579	7421	7426
2105	7365	7580	7421	7427
2106	7365	7580	7422	7427
2107	7365	7581	7422	7427
2108	7366	7582	7422	7428
2109	7366	7583	7423	7428
2110	7366	7584	7423	7428
2111	7366	7585	7423	7429
2112	7366	7585	7424	7429
2113	7366	7586	7424	7429
2114	7367	7587	7424	7430
2115	7367	7588	7425	7430
2116	7367	7589	7425	7430
2117	7367	7590	7425	7431
2118	7367	7590	7426	7431
2119	7368	7591	7426	7431
2120	7368	7592	7426	7432
2121	7368	7593	7427	7432
2122	7368	7593	7427	7433
2123	7368	7594	7427	7433
2124	7368	7595	7428	7433
2125	7369	7596	7428	7434
2126	7369	7596	7428	7434
2127	7369	7597	7429	7434
2128	7369	7598	7429	7435
2129	7369	7599	7429	7435
2130	7369	7599	7430	7435
2131	7370	7600	7430	7436
2132	7370	7601	7430	7436
2133	7370	7602	7430	7436
2134	7370	7602	7431	7437
2135	7370	7603	7431	7437
2136	7370	7604	7431	7437
2137	7370	7605	7432	7438
2138	7371	7605	7432	7438
2139	7371	7606	7432	7438
2140	7371	7607	7433	7439
2141	7375	7611	7437	7443
2142	7379	7614	7441	7447
2143	7384	7617	7444	7450
2144	7388	7621	7448	7454
2145	7392	7624	7452	7458
2146	7396	7628	7456	7462
2147	7400	7631	7460	7466
2148	7404	7635	7464	7470
2149	7409	7638	7468	7474
2150	7413	7642	7472	7478
2151	7417	7645	7476	7482
2152	7421	7648	7480	7485
2153	7425	7651	7483	7489
2154	7429	7655	7487	7493
2155	7433	7658	7491	7497
2156	7438	7662	7495	7501
2157	7442	7665	7499	7505
2158	7446	7669	7503	7509
2159	7450	7672	7507	7513
2160	7454	7676	7511	7517
2161	7458	7679	7515	7521
2162	7462	7683	7519	7524
2163	7467	7686	7523	7528
2164	7471	7690	7527	7532
2165	7475	7693	7530	7536
2166	7479	7696	7534	7540
2167	7483	7700	7538	7544
2168	7487	7703	7542	7548
2169	7491	7707	7546	7552
2170	7495	7710	7550	7556
2171	7499	7714	7554	7559
2172	7504	7717	7558	7563
2173	7508	7721	7562	7567
2174	7512	7724	7566	7571
2175	7516	7727	7570	7575
2176	7520	7731	7573	7579
2177	7524	7734	7577	7583
2178	7528	7738	7581	7587
2179	7532	7741	7585	7591
2180	7536	7745	7589	7594
2181	7541	7748	7593	7598
2182	7545	7751	7597	7602
2183	7549	7755	7601	7606
2184	7553	7758	7605	7610
2185	7557	7762	7609	7614
2186	7561	7765	7613	7618
2187	7566	7769	7617	7622
2188	7570	7772	7620	7626
2189	7574	7775	7624	7630
2190	7578	7779	7628	7633
2191	7582	7782	7632	7637
2192	7587	7786	7636	7641
2193	7591	7789	7640	7645
2194	7595	7792	7644	7649
2195	7599	7796	7648	7653
2196	7603	7799	7652	7657
2197	7607	7803	7656	7661
2198	7611	7806	7660	7665
2199	7615	7810	7664	7668
2200	7619	7813	7668	7672
2201	7623	7816	7672	7676
2202	7627	7820	7675	7680
2203	7631	7823	7679	7684
2204	7635	7827	7683	7688
2205	7639	7830	7687	7692
2206	7643	7833	7691	7696
2207	7647	7837	7695	7700
2208	7651	7840	7699	7703
2209	7656	7844	7703	7707
2210	7660	7847	7707	7711
2211	7664	7851	7711	7715
2212	7668	7854	7715	7719
2213	7672	7857	7719	7723
2214	7676	7861	7723	7727
2215	7680	7864	7726	7731
2216	7683	7868	7730	7735
2217	7687	7871	7734	7739
2218	7692	7875	7738	7742
2219	7696	7878	7742	7746
2220	7700	7882	7746	7750
2221	7704	7885	7750	7754
2222	7708	7888	7754	7758
2223	7712	7892	7758	7762
2224	7716	7895	7762	7766
2225	7720	7898	7766	7770
2226	7724	7902	7770	7774
2227	7728	7905	7774	7777
2228	7732	7908	7778	7781
2229	7735	7912	7782	7785
2230	7739	7915	7786	7789
2231	7743	7919	7789	7793
2232	7747	7922	7793	7797
2233	7751	7925	7797	7801
2234	7755	7929	7801	7805
2235	7759	7932	7805	7809
2236	7763	7936	7809	7812
2237	7767	7939	7813	7816
2238	7771	7942	7817	7820
2239	7774	7946	7821	7824
2240	7778	7949	7825	7828
2241	7782	7952	7829	7832
2242	7786	7956	7833	7836
2243	7790	7959	7837	7840
2244	7794	7963	7841	7844
2245	7798	7966	7845	7848
2246	7801	7969	7849	7851
2247	7805	7973	7853	7855
2248	7809	7976	7857	7859
2249	7813	7980	7861	7863
2250	7817	7983	7865	7867
2251	7821	7986	7869	7871
2252	7825	7990	7872	7875
2253	7828	7993	7876	7879
2254	7832	7997	7880	7883
2255	7836	8000	7884	7886
2256	7840	8003	7888	7890
2257	7844	8007	7892	7894
2258	7847	8010	7896	7898
2259	7851	8013	7900	7902
2260	7855	8017	7904	7906
2261	7859	8020	7908	7910
2262	7862	8024	7912	7914
2263	7866	8027	7916	7918
2264	7870	8031	7920	7921
2265	7874	8034	7924	7925
2266	7877	8038	7928	7929
2267	7881	8041	7932	7933
2268	7885	8044	7936	7937
2269	7889	8048	7940	7941
2270	7892	8052	7944	7945
2271	7896	8055	7948	7949
2272	7900	8058	7951	7953
2273	7904	8062	7955	7957
2274	7908	8066	7959	7960
2275	7911	8069	7963	7964
2276	7915	8073	7967	7968
2277	7919	8076	7971	7972
2278	7923	8079	7975	7976
2279	7926	8083	7979	7980
2280	7930	8086	7983	7984
2281	7934	8090	7987	7988
2282	7938	8093	7991	7992
2283	7941	8097	7995	7995
2284	7945	8100	7999	7999
2285	7949	8103	8003	8003
2286	7953	8107	8007	8007
2287	7956	8111	8011	8011
2288	7960	8114	8015	8015
2289	7964	8117	8019	8019
2290	7967	8121	8023	8023
2291	7971	8124	8027	8027
2292	7975	8128	8031	8030
2293	7978	8131	8035	8034
2294	7982	8134	8039	8038
2295	7986	8138	8043	8042
2296	7990	8141	8047	8046
2297	7993	8145	8051	8050
2298	7997	8148	8055	8054
2299	8001	8152	8058	8058
2300	8004	8155	8062	8062
2301	8008	8158	8066	8066
2302	8012	8162	8070	8069
2303	8015	8165	8074	8073
2304	8019	8169	8078	8077
2305	8023	8172	8082	8081
2306	8026	8176	8086	8085
2307	8030	8179	8090	8089
2308	8034	8182	8094	8093
2309	8037	8186	8098	8097
2310	8041	8189	8102	8101
2311	8045	8192	8106	8104
2312	8048	8196	8110	8108
2313	8052	8199	8114	8112
2314	8056	8203	8118	8116
2315	8059	8206	8122	8120
2316	8063	8209	8126	8124
2317	8066	8213	8130	8128
2318	8070	8216	8134	8132
2319	8074	8220	8137	8136
2320	8077	8223	8141	8139
2321	8081	8227	8145	8143
2322	8085	8230	8149	8147
2323	8088	8234	8153	8151
2324	8092	8237	8157	8155
2325	8095	8241	8161	8159
2326	8099	8244	8165	8163
2327	8103	8248	8169	8167
2328	8106	8251	8173	8171
2329	8110	8255	8177	8175
2330	8114	8259	8181	8178
2331	8117	8262	8185	8182
2332	8121	8266	8189	8186
2333	8124	8269	8193	8190
2334	8128	8273	8197	8194
2335	8131	8276	8201	8198
2336	8135	8280	8205	8202
2337	8139	8283	8209	8206
2338	8142	8287	8213	8210
2339	8146	8290	8217	8213
2340	8149	8294	8220	8217
2341	8153	8298	8224	8221
2342	8157	8301	8228	8225
2343	8160	8305	8232	8229
2344	8164	8308	8236	8233
2345	8168	8312	8240	8237
2346	8171	8315	8244	8241
2347	8175	8319	8248	8245
2348	8178	8322	8252	8248
2349	8182	8326	8256	8252
2350	8186	8329	8260	8256
2351	8189	8333	8264	8260
2352	8193	8336	8268	8264
2353	8197	8340	8272	8268
2354	8200	8343	8276	8272
2355	8204	8347	8280	8276
2356	8207	8350	8284	8280
2357	8211	8354	8288	8284
2358	8215	8358	8292	8287
2359	8218	8361	8296	8291
2360	8222	8365	8300	8295
2361	8226	8368	8304	8299
2362	8229	8372	8308	8303
2363	8233	8376	8311	8307
2364	8236	8379	8315	8311
2365	8240	8382	8319	8315
2366	8244	8386	8323	8319
2367	8247	8389	8327	8322
2368	8251	8393	8331	8326
2369	8254	8397	8335	8330
2370	8258	8400	8339	8334
2371	8262	8404	8343	8338
2372	8265	8407	8347	8342
2373	8269	8411	8351	8346
2374	8273	8415	8355	8350
2375	8276	8419	8359	8354
2376	8280	8422	8363	8357
2377	8283	8426	8367	8361
2378	8287	8430	8371	8365
2379	8291	8434	8375	8369
2380	8294	8438	8379	8373
2381	8298	8441	8383	8377
2382	8301	8445	8387	8381
2383	8305	8449	8391	8385
2384	8309	8453	8394	8389
2385	8312	8457	8398	8393
2386	8316	8461	8402	8396
2387	8319	8465	8406	8400
2388	8323	8469	8410	8404
2389	8326	8473	8414	8408
2390	8330	8477	8418	8412
2391	8334	8481	8422	8416
2392	8337	8485	8426	8420
2393	8341	8489	8430	8424
2394	8345	8493	8434	8428
2395	8348	8498	8438	8431
2396	8352	8502	8442	8435
2397	8356	8506	8446	8439
2398	8359	8510	8450	8443
2399	8363	8514	8454	8447
2400	8366	8518	8458	8451
2401	8370	8522	8462	8455
2402	8373	8527	8466	8459
2403	8377	8531	8470	8463
2404	8381	8535	8474	8466
2405	8384	8539	8478	8470
2406	8388	8543	8481	8474
2407	8392	8548	8485	8478
2408	8395	8552	8489	8482
2409	8399	8556	8493	8486
2410	8402	8560	8497	8490
2411	8406	8564	8501	8494
2412	8410	8567	8505	8498
2413	8413	8572	8509	8502
2414	8417	8576	8513	8505
2415	8420	8580	8517	8509
2416	8424	8584	8521	8513
2417	8427	8588	8525	8517
2418	8431	8593	8529	8521
2419	8435	8597	8533	8525
2420	8438	8601	8537	8529
2421	8442	8605	8541	8533
2422	8445	8609	8545	8537
2423	8449	8614	8549	8540
2424	8453	8618	8553	8544
2425	8456	8622	8556	8548
2426	8460	8626	8560	8552
2427	8463	8630	8564	8556
2428	8467	8634	8568	8560
2429	8470	8638	8572	8564
2430	8474	8642	8576	8568
2431	8477	8646	8580	8572
2432	8481	8650	8584	8575
2433	8484	8655	8588	8579
2434	8488	8659	8592	8583
2435	8491	8663	8596	8587
2436	8495	8667	8600	8591
2437	8499	8672	8604	8595
2438	8502	8676	8608	8599
2439	8506	8680	8612	8603
2440	8509	8684	8616	8607
2441	8513	8688	8619	8611
2442	8517	8692	8623	8614
2443	8520	8696	8627	8618
2444	8524	8701	8631	8622
2445	8527	8705	8635	8626
2446	8531	8709	8639	8630
2447	8534	8714	8643	8634
2448	8538	8718	8647	8638
2449	8541	8722	8651	8642
2450	8545	8726	8655	8646
2451	8549	8730	8659	8649
2452	8552	8734	8662	8653
2453	8556	8739	8666	8657
2454	8559	8743	8670	8661
2455	8563	8747	8674	8665
2456	8566	8751	8678	8669
2457	8570	8755	8682	8673
2458	8573	8759	8686	8677
2459	8577	8763	8690	8681
2460	8580	8768	8694	8684
2461	8584	8772	8698	8688
2462	8587	8776	8701	8692
2463	8591	8780	8705	8696
2464	8594	8784	8709	8700
2465	8598	8788	8713	8704
2466	8601	8793	8717	8708
2467	8605	8797	8721	8712
2468	8608	8801	8725	8716
2469	8612	8805	8729	8720
2470	8616	8809	8732	8723
2471	8619	8814	8736	8727
2472	8623	8818	8740	8731
2473	8626	8822	8744	8735
2474	8630	8826	8748	8739
2475	8633	8830	8752	8743
2476	8637	8834	8756	8747
2477	8640	8839	8760	8751
2478	8644	8843	8764	8755
2479	8647	8847	8767	8758
2480	8651	8851	8771	8762
2481	8655	8855	8775	8766
2482	8658	8859	8779	8770
2483	8662	8863	8783	8774
2484	8665	8868	8787	8778
2485	8669	8872	8791	8782
2486	8672	8876	8795	8786
2487	8676	8880	8798	8790
2488	8679	8884	8802	8793
2489	8683	8888	8806	8797
2490	8686	8892	8810	8801
2491	8690	8897	8814	8805
2492	8694	8901	8818	8809
2493	8697	8905	8822	8813
2494	8701	8909	8826	8817
2495	8704	8913	8830	8821
2496	8708	8917	8834	8825
2497	8711	8922	8837	8829
2498	8715	8926	8841	8832
2499	8718	8930	8845	8836
2500	8722	8934	8849	8840
2501	8726	8938	8853	8844
2502	8729	8943	8857	8848
2503	8733	8947	8861	8852
2504	8736	8951	8865	8856
2505	8740	8955	8869	8860
2506	8744	8959	8872	8864
2507	8747	8964	8876	8867
2508	8751	8968	8880	8871
2509	8754	8972	8884	8875
2510	8758	8976	8888	8879
2511	8762	8981	8892	8883
2512	8765	8985	8896	8887
2513	8769	8989	8900	8891
2514	8772	8993	8904	8895
2515	8776	8997	8908	8899
2516	8779	9002	8911	8902
2517	8783	9006	8915	8906
2518	8786	9010	8919	8910
2519	8790	9014	8923	8914
2520	8793	9018	8927	8918
2521	8797	9022	8931	8922
2522	8801	9027	8935	8926
2523	8804	9031	8939	8930
2524	8808	9035	8943	8934
2525	8811	9039	8947	8938
2526	8815	9044	8950	8941
2527	8819	9048	8954	8945
2528	8822	9052	8958	8949
2529	8826	9056	8962	8953
2530	8829	9060	8966	8957
2531	8833	9065	8970	8961
2532	8836	9069	8974	8965
2533	8840	9073	8978	8969
2534	8844	9077	8982	8973
2535	8847	9082	8986	8976
2536	8851	9086	8990	8980
2537	8854	9090	8993	8984
2538	8858	9094	8997	8988
2539	8861	9098	9001	8992
2540	8865	9103	9005	8996
2541	8868	9107	9009	9000
2542	8872	9111	9013	9004
2543	8876	9115	9017	9008
2544	8879	9120	9021	9011
2545	8883	9124	9025	9015
2546	8886	9128	9029	9019
2547	8890	9132	9033	9023
2548	8894	9136	9036	9027
2549	8897	9140	9040	9031
2550	8900	9145	9044	9035
2551	8904	9149	9048	9039
2552	8908	9153	9052	9043
2553	8911	9157	9056	9047
2554	8915	9161	9060	9050
2555	8918	9166	9064	9054
2556	8922	9170	9068	9058
2557	8925	9174	9072	9062
2558	8929	9178	9076	9066
2559	8933	9182	9079	9070
2560	8936	9187	9083	9074
2561	8940	9191	9087	9078
2562	8943	9195	9091	9082
2563	8946	9199	9095	9085
2564	8950	9203	9099	9089
2565	8953	9208	9103	9093
2566	8957	9212	9107	9097
2567	8961	9216	9111	9101
2568	8964	9220	9115	9105
2569	8968	9224	9119	9109
2570	8971	9228	9123	9113
2571	8974	9233	9126	9117
2572	8978	9237	9130	9120
2573	8981	9241	9134	9124
2574	8985	9245	9138	9128
2575	8989	9249	9142	9132
2576	8992	9254	9146	9136
2577	8996	9258	9150	9140
2578	8999	9262	9154	9144
2579	9003	9266	9158	9148
2580	9006	9270	9162	9152
2581	9010	9275	9166	9156
2582	9014	9279	9169	9159
2583	9017	9283	9173	9163
2584	9021	9287	9177	9167
2585	9024	9291	9181	9171
2586	9028	9296	9185	9175
2587	9032	9300	9189	9179
2588	9035	9304	9193	9183
2589	9039	9308	9197	9187
2590	9042	9312	9201	9191
2591	9046	9317	9205	9194
2592	9050	9321	9209	9198
2593	9053	9325	9212	9202
2594	9057	9329	9216	9206
2595	9060	9333	9220	9210
2596	9063	9338	9224	9214
2597	9067	9342	9228	9218
2598	9070	9346	9232	9222
2599	9074	9350	9236	9226
2600	9077	9355	9240	9230
2601	9081	9359	9244	9233
2602	9085	9363	9248	9237
2603	9088	9367	9252	9241
2604	9092	9372	9255	9245
2605	9095	9376	9259	9249
2606	9099	9380	9263	9253
2607	9102	9384	9267	9257
2608	9106	9388	9271	9261
2609	9110	9393	9275	9265
2610	9113	9397	9279	9268
2611	9117	9401	9283	9272
2612	9120	9405	9287	9276
2613	9124	9409	9291	9280
2614	9128	9414	9295	9284
2615	9131	9418	9298	9288
2616	9134	9422	9302	9292
2617	9138	9426	9306	9296
2618	9142	9430	9310	9300
2619	9145	9435	9314	9303
2620	9149	9439	9318	9307
2621	9152	9443	9322	9311
2622	9156	9447	9326	9315
2623	9159	9452	9330	9319
2624	9163	9456	9334	9323
2625	9167	9460	9338	9327
2626	9170	9464	9342	9331
2627	9174	9468	9345	9335
2628	9177	9473	9349	9339
2629	9181	9477	9353	9342
2630	9184	9481	9357	9346
2631	9188	9485	9361	9350
2632	9191	9490	9365	9354
2633	9195	9494	9369	9358
2634	9198	9498	9373	9362
2635	9202	9502	9377	9366
2636	9206	9506	9381	9370
2637	9209	9511	9385	9374
2638	9213	9515	9389	9377
2639	9216	9519	9392	9381
2640	9220	9523	9396	9385
2641	9222	9525	9398	9387
2642	9225	9527	9400	9389
2643	9228	9529	9402	9392
2644	9231	9530	9404	9394
2645	9233	9532	9407	9396
2646	9237	9534	9409	9398
2647	9240	9536	9411	9400
2648	9242	9538	9413	9402
2649	9244	9539	9415	9404
2650	9247	9541	9417	9406
2651	9250	9543	9419	9408
2652	9252	9545	9421	9411
2653	9255	9547	9423	9413
2654	9257	9548	9425	9415
2655	9260	9550	9427	9417
2656	9262	9552	9429	9419
2657	9264	9554	9431	9421
2658	9267	9556	9433	9423
2659	9269	9558	9435	9425
2660	9272	9560	9437	9428
2661	9274	9562	9439	9430
2662	9277	9564	9441	9432
2663	9280	9566	9443	9434
2664	9282	9568	9445	9436
2665	9285	9569	9447	9438
2666	9288	9571	9449	9440
2667	9291	9573	9450	9442
2668	9293	9575	9452	9444
2669	9296	9577	9454	9447
2670	9298	9579	9456	9449
2671	9301	9580	9458	9451
2672	9304	9582	9460	9453
2673	9307	9584	9462	9455
2674	9309	9586	9464	9457
2675	9312	9587	9466	9459
2676	9315	9589	9468	9461
2677	9317	9591	9470	9463
2678	9320	9593	9472	9466
2679	9323	9595	9474	9468
2680	9326	9597	9476	9470
2681	9328	9599	9478	9472
2682	9331	9601	9480	9474
2683	9333	9602	9482	9476
2684	9335	9604	9484	9478
2685	9337	9606	9486	9480
2686	9340	9608	9488	9483
2687	9343	9610	9490	9485
2688	9346	9611	9492	9487
2689	9348	9614	9494	9489
2690	9350	9615	9496	9491
2691	9353	9617	9498	9493
2692	9355	9619	9500	9495
2693	9358	9621	9502	9497
2694	9360	9623	9504	9499
2695	9363	9624	9506	9502
2696	9365	9626	9508	9504
2697	9368	9628	9510	9506
2698	9371	9630	9512	9508
2699	9373	9632	9514	9510
2700	9376	9634	9516	9512
2701	9378	9636	9518	9514
2702	9381	9637	9520	9516
2703	9383	9639	9523	9518
2704	9385	9641	9525	9521
2705	9387	9643	9527	9523
2706	9390	9645	9529	9525
2707	9392	9647	9531	9527
2708	9394	9649	9533	9529
2709	9397	9651	9535	9531
2710	9399	9653	9537	9533
2711	9402	9655	9539	9535
2712	9404	9657	9542	9538
2713	9406	9659	9544	9540
2714	9408	9661	9546	9542
2715	9410	9662	9548	9544
2716	9412	9665	9550	9546
2717	9414	9667	9552	9548
2718	9416	9669	9554	9550
2719	9417	9671	9556	9552
2720	9419	9673	9559	9554
2721	9421	9675	9561	9557
2722	9423	9677	9563	9559
2723	9425	9680	9565	9561
2724	9427	9682	9567	9563
2725	9429	9684	9569	9565
2726	9431	9687	9571	9567
2727	9433	9689	9573	9569
2728	9435	9691	9575	9571
2729	9437	9693	9577	9573
2730	9438	9696	9580	9576
2731	9441	9698	9582	9578
2732	9442	9701	9584	9580
2733	9445	9704	9586	9582
2734	9446	9706	9588	9584
2735	9448	9709	9590	9586
2736	9449	9711	9592	9588
2737	9451	9713	9594	9590
2738	9453	9716	9596	9593
2739	9455	9718	9598	9595
2740	9456	9720	9601	9597
2741	9457	9723	9603	9599
2742	9459	9726	9605	9601
2743	9460	9728	9607	9603
2744	9461	9731	9609	9605
2745	9463	9734	9611	9607
2746	9465	9736	9613	9609
2747	9466	9739	9615	9612
2748	9468	9742	9618	9614
2749	9469	9745	9620	9616
2750	9470	9748	9622	9618
2751	9472	9750	9624	9620
2752	9473	9753	9626	9622
2753	9474	9755	9629	9624
2754	9475	9757	9631	9626
2755	9477	9760	9633	9628
2756	9479	9763	9635	9631
2757	9480	9766	9637	9633
2758	9480	9768	9639	9635
2759	9481	9771	9641	9637
2760	9483	9774	9643	9639
2761	9484	9777	9646	9641
2762	9485	9779	9648	9643
2763	9487	9782	9650	9645
2764	9488	9784	9652	9648
2765	9489	9787	9654	9650
2766	9490	9790	9656	9652
2767	9491	9792	9659	9654
2768	9492	9795	9661	9656
2769	9494	9798	9663	9658
2770	9495	9800	9665	9660
2771	9496	9803	9667	9662
2772	9498	9806	9669	9664
2773	9498	9808	9671	9667
2774	9499	9811	9673	9669
2775	9500	9813	9676	9671
2776	9501	9816	9678	9673
2777	9503	9819	9680	9675
2778	9504	9821	9682	9677
2779	9504	9824	9684	9679
2780	9506	9827	9686	9681
2781	9507	9830	9688	9683
2782	9508	9832	9691	9686
2783	9509	9835	9693	9688
2784	9511	9838	9695	9690
2785	9511	9841	9697	9692
2786	9512	9843	9699	9694
2787	9513	9846	9701	9696
2788	9515	9848	9703	9698
2789	9516	9851	9705	9700
2790	9517	9854	9708	9702
2791	9517	9857	9710	9705
2792	9518	9860	9712	9707
2793	9519	9863	9714	9709
2794	9520	9865	9716	9711
2795	9521	9868	9718	9713
2796	9522	9871	9720	9715
2797	9522	9873	9723	9717
2798	9523	9876	9725	9719
2799	9524	9879	9727	9722
2800	9525	9882	9729	9724
2801	9526	9885	9731	9726
2802	9527	9888	9733	9728
2803	9529	9890	9736	9730
2804	9530	9893	9738	9732
2805	9531	9896	9740	9734
2806	9532	9899	9742	9736
2807	9533	9901	9744	9738
2808	9534	9904	9746	9741
2809	9534	9907	9748	9743
2810	9535	9909	9750	9745
2811	9536	9912	9753	9747
2812	9537	9915	9755	9749
2813	9538	9918	9757	9751
2814	9540	9921	9759	9753
2815	9540	9923	9761	9755
2816	9541	9926	9763	9757
2817	9543	9929	9766	9760
2818	9544	9932	9768	9762
2819	9545	9934	9770	9764
2820	9546	9937	9772	9766
2821	9547	9940	9774	9768
2822	9547	9943	9776	9770
2823	9549	9946	9778	9772
2824	9550	9949	9780	9774
2825	9550	9951	9783	9777
2826	9551	9954	9785	9779
2827	9553	9957	9787	9781
2828	9554	9960	9789	9783
2829	9555	9963	9791	9785
2830	9555	9966	9793	9787
2831	9556	9968	9795	9789
2832	9557	9971	9798	9791
2833	9558	9974	9800	9793
2834	9559	9977	9802	9796
2835	9560	9980	9804	9798
2836	9560	9983	9806	9800
2837	9561	9985	9808	9802
2838	9562	9988	9811	9804
2839	9563	9991	9813	9806
2840	9564	9994	9815	9808
2841	9565	9997	9817	9810
2842	9566	9999	9819	9812
2843	9567	10002	9821	9815
2844	9567	10005	9823	9817
2845	9568	10008	9826	9819
2846	9569	10011	9828	9821
2847	9570	10014	9830	9823
2848	9570	10017	9832	9825
2849	9571	10020	9834	9827
2850	9572	10023	9836	9829
2851	9573	10025	9838	9832
2852	9574	10028	9841	9834
2853	9574	10031	9843	9836
2854	9575	10034	9845	9838
2855	9576	10037	9847	9840
2856	9577	10040	9850	9842
2857	9577	10043	9852	9844
2858	9578	10045	9854	9846
2859	9579	10048	9856	9848
2860	9580	10051	9858	9851
2861	9581	10054	9861	9853
2862	9582	10057	9863	9855
2863	9583	10060	9865	9857
2864	9583	10063	9867	9859
2865	9584	10066	9869	9861
2866	9585	10069	9871	9863
2867	9586	10071	9874	9865
2868	9587	10074	9876	9867
2869	9587	10077	9878	9870
2870	9588	10080	9880	9872
2871	9589	10083	9882	9874
2872	9590	10085	9885	9876
2873	9591	10088	9887	9878
2874	9592	10091	9889	9880
2875	9593	10094	9892	9882
2876	9593	10097	9894	9884
2877	9594	10100	9896	9887
2878	9595	10103	9898	9889
2879	9596	10106	9900	9891
2880	9597	10109	9902	9893
2881	9598	10112	9905	9895
2882	9598	10115	9907	9897
2883	9599	10118	9909	9899
2884	9600	10121	9911	9901
2885	9601	10124	9913	9903
2886	9601	10127	9915	9906
2887	9602	10130	9918	9908
2888	9603	10133	9920	9910
2889	9604	10136	9922	9912
2890	9605	10139	9924	9914
2891	9606	10142	9927	9916
2892	9607	10145	9929	9918
2893	9608	10148	9931	9920
2894	9608	10151	9933	9922
2895	9609	10154	9935	9925
2896	9610	10157	9937	9927
2897	9611	10160	9940	9929
2898	9612	10163	9942	9931
2899	9613	10166	9944	9933
2900	9614	10169	9946	9935
2901	9615	10172	9948	9937
2902	9615	10175	9951	9939
2903	9616	10178	9953	9942
2904	9617	10181	9955	9944
2905	9618	10184	9957	9946
2906	9619	10187	9959	9948
2907	9620	10190	9962	9950
2908	9620	10193	9964	9952
2909	9621	10196	9966	9954
2910	9622	10199	9968	9956
