depth	min	max	median	mean
1140	6686	7004	6858	6853
1141	6689	7005	6859	6854
1142	6690	7006	6860	6855
1143	6692	7006	6861	6856
1144	6693	7007	6861	6857
1145	6694	7007	6863	6858
1146	6695	7009	6864	6859
1147	6697	7010	6865	6860
1148	6698	7011	6866	6862
1149	6699	7012	6867	6863
1150	6700	7013	6869	6864
1151	6701	7014	6870	6865
1152	6703	7015	6870	6866
1153	6704	7015	6871	6867
1154	6705	7017	6872	6868
1155	6707	7017	6874	6869
1156	6708	7018	6875	6870
1157	6709	7019	6876	6871
1158	6711	7020	6877	6872
1159	6712	7021	6878	6873
1160	6713	7022	6879	6874
1161	6714	7023	6880	6875
1162	6716	7024	6881	6876
1163	6717	7025	6882	6877
1164	6719	7025	6883	6878
1165	6720	7026	6884	6879
1166	6722	7027	6885	6880
1167	6722	7027	6886	6881
1168	6724	7028	6887	6883
1169	6725	7030	6888	6884
1170	6726	7031	6889	6885
1171	6727	7031	6890	6886
1172	6729	7032	6891	6887
1173	6731	7033	6893	6888
1174	6732	7033	6893	6889
1175	6733	7034	6894	6890
1176	6734	7035	6895	6891
1177	6735	7036	6896	6892
1178	6736	7037	6897	6893
1179	6737	7037	6898	6894
1180	6737	7038	6899	6895
1181	6739	7039	6900	6896
1182	6740	7040	6901	6896
1183	6741	7040	6902	6897
1184	6742	7041	6902	6898
1185	6743	7042	6903	6899
1186	6744	7043	6904	6900
1187	6745	7044	6905	6901
1188	6746	7045	6906	6902
1189	6747	7046	6906	6903
1190	6747	7046	6907	6904
1191	6748	7047	6908	6905
1192	6749	7047	6909	6906
1193	6749	7048	6910	6907
1194	6751	7049	6911	6908
1195	6753	7050	6912	6909
1196	6754	7050	6913	6910
1197	6755	7051	6913	6910
1198	6755	7052	6914	6911
1199	6756	7053	6915	6912
1200	6756	7054	6916	6913
1201	6757	7054	6917	6914
1202	6758	7055	6918	6915
1203	6759	7056	6919	6916
1204	6760	7057	6920	6917
1205	6760	7058	6920	6918
1206	6760	7059	6921	6919
1207	6761	7059	6922	6919
1208	6762	7060	6923	6920
1209	6763	7061	6924	6921
1210	6763	7061	6924	6922
1211	6764	7062	6925	6923
1212	6765	7063	6926	6924
1213	6765	7064	6926	6925
1214	6766	7065	6927	6925
1215	6767	7066	6928	6926
1216	6768	7067	6929	6927
1217	6769	7067	6930	6928
1218	6770	7068	6931	6929
1219	6770	7068	6932	6930
1220	6772	7069	6933	6930
1221	6772	7070	6934	6931
1222	6772	7071	6934	6932
1223	6774	7072	6935	6933
1224	6774	7073	6936	6934
1225	6776	7073	6937	6935
1226	6778	7074	6937	6935
1227	6779	7075	6938	6936
1228	6779	7075	6939	6937
1229	6780	7077	6940	6938
1230	6781	7078	6941	6939
1231	6782	7078	6942	6940
1232	6783	7078	6942	6940
1233	6783	7079	6944	6941
1234	6785	7080	6944	6942
1235	6786	7081	6945	6943
1236	6787	7082	6946	6944
1237	6788	7083	6947	6944
1238	6789	7083	6948	6945
1239	6790	7084	6948	6946
1240	6791	7085	6949	6947
1241	6793	7086	6950	6948
1242	6795	7087	6951	6948
1243	6796	7087	6952	6949
1244	6796	7088	6952	6950
1245	6798	7089	6953	6951
1246	6799	7090	6954	6952
1247	6800	7090	6955	6953
1248	6801	7091	6956	6953
1249	6802	7092	6957	6954
1250	6803	7093	6957	6955
1251	6804	7094	6959	6956
1252	6805	7094	6960	6957
1253	6807	7095	6960	6957
1254	6807	7095	6961	6958
1255	6807	7096	6962	6959
1256	6808	7097	6963	6960
1257	6808	7097	6964	6961
1258	6808	7098	6965	6961
1259	6809	7099	6966	6962
1260	6810	7100	6967	6963
1261	6811	7101	6967	6964
1262	6813	7102	6968	6965
1263	6813	7102	6969	6966
1264	6814	7103	6969	6966
1265	6815	7104	6970	6967
1266	6816	7105	6971	6968
1267	6817	7106	6972	6969
1268	6818	7107	6973	6970
1269	6819	7108	6973	6971
1270	6820	7109	6974	6971
1271	6820	7110	6975	6972
1272	6821	7110	6976	6973
1273	6822	7111	6977	6974
1274	6822	7112	6978	6975
1275	6824	7113	6979	6975
1276	6824	7114	6980	6976
1277	6825	7114	6981	6977
1278	6826	7115	6982	6978
1279	6826	7116	6982	6979
1280	6827	7116	6983	6980
1281	6828	7117	6984	6980
1282	6829	7118	6985	6981
1283	6831	7119	6985	6982
1284	6832	7119	6986	6983
1285	6833	7120	6987	6984
1286	6834	7121	6988	6985
1287	6834	7122	6989	6985
1288	6835	7123	6990	6986
1289	6835	7124	6991	6987
1290	6837	7125	6991	6988
1291	6837	7126	6992	6989
1292	6838	7126	6993	6990
1293	6839	7127	6994	6991
1294	6840	7127	6994	6991
1295	6841	7128	6996	6992
1296	6842	7129	6997	6993
1297	6843	7129	6998	6994
1298	6844	7130	6999	6995
1299	6844	7130	7000	6996
1300	6845	7131	7001	6996
1301	6846	7132	7001	6997
1302	6847	7132	7002	6998
1303	6849	7133	7003	6999
1304	6850	7134	7004	7000
1305	6851	7135	7004	7001
1306	6851	7137	7005	7001
1307	6852	7137	7006	7002
1308	6854	7137	7007	7003
1309	6854	7139	7008	7004
1310	6855	7140	7008	7005
1311	6857	7140	7009	7006
1312	6858	7141	7010	7006
1313	6859	7142	7011	7007
1314	6860	7143	7011	7008
1315	6861	7144	7012	7009
1316	6861	7144	7013	7010
1317	6862	7145	7014	7010
1318	6863	7146	7015	7011
1319	6864	7146	7016	7012
1320	6864	7147	7017	7013
1321	6865	7148	7017	7014
1322	6866	7149	7018	7015
1323	6867	7149	7019	7015
1324	6869	7150	7020	7016
1325	6870	7151	7021	7017
1326	6871	7152	7022	7018
1327	6871	7152	7022	7019
1328	6873	7153	7023	7020
1329	6873	7154	7024	7020
1330	6874	7155	7025	7021
1331	6876	7156	7026	7022
1332	6876	7157	7027	7023
1333	6878	7158	7027	7024
1334	6879	7158	7028	7025
1335	6880	7159	7029	7025
1336	6881	7160	7030	7026
1337	6881	7160	7031	7027
1338	6883	7161	7032	7028
1339	6883	7162	7032	7029
1340	6884	7162	7033	7030
1341	6885	7163	7034	7031
1342	6886	7163	7035	7031
1343	6886	7164	7036	7032
1344	6887	7165	7037	7033
1345	6888	7165	7038	7034
1346	6888	7166	7039	7035
1347	6889	7167	7040	7036
1348	6890	7167	7040	7036
1349	6892	7168	7041	7037
1350	6893	7169	7042	7038
1351	6895	7170	7043	7039
1352	6896	7171	7045	7040
1353	6897	7171	7045	7041
1354	6897	7172	7046	7042
1355	6897	7173	7047	7042
1356	6900	7174	7047	7043
1357	6901	7175	7048	7044
1358	6902	7176	7049	7045
1359	6902	7177	7050	7046
1360	6903	7178	7051	7047
1361	6904	7178	7052	7047
1362	6905	7179	7052	7048
1363	6906	7180	7053	7049
1364	6907	7180	7054	7050
1365	6908	7181	7055	7051
1366	6908	7181	7056	7052
1367	6909	7182	7057	7052
1368	6910	7182	7057	7053
1369	6911	7183	7058	7054
1370	6911	7183	7059	7055
1371	6912	7184	7060	7056
1372	6912	7185	7060	7057
1373	6913	7185	7061	7058
1374	6915	7186	7062	7058
1375	6915	7187	7063	7059
1376	6916	7187	7064	7060
1377	6917	7189	7065	7061
1378	6918	7189	7066	7062
1379	6918	7190	7067	7063
1380	6920	7191	7068	7063
1381	6921	7192	7069	7064
1382	6921	7193	7069	7065
1383	6922	7193	7070	7066
1384	6923	7194	7071	7067
1385	6923	7195	7071	7068
1386	6925	7196	7072	7068
1387	6925	7196	7073	7069
1388	6926	7197	7074	7070
1389	6926	7198	7075	7071
1390	6927	7200	7076	7072
1391	6929	7200	7076	7072
1392	6930	7201	7077	7073
1393	6931	7202	7078	7074
1394	6933	7203	7079	7075
1395	6934	7204	7079	7076
1396	6936	7205	7080	7076
1397	6937	7206	7081	7077
1398	6937	7206	7082	7078
1399	6939	7207	7082	7079
1400	6939	7208	7083	7080
1401	6940	7209	7084	7080
1402	6941	7210	7085	7081
1403	6942	7210	7085	7082
1404	6944	7211	7086	7083
1405	6944	7211	7087	7084
1406	6945	7212	7088	7085
1407	6945	7212	7089	7085
1408	6947	7213	7090	7086
1409	6948	7214	7090	7087
1410	6949	7215	7091	7088
1411	6949	7216	7092	7089
1412	6950	7216	7093	7090
1413	6951	7217	7093	7090
1414	6952	7217	7094	7091
1415	6953	7218	7095	7092
1416	6954	7219	7096	7093
1417	6955	7220	7097	7094
1418	6955	7221	7098	7095
1419	6957	7222	7099	7095
1420	6958	7222	7099	7096
1421	6959	7223	7100	7097
1422	6960	7224	7101	7098
1423	6961	7225	7102	7099
1424	6962	7225	7103	7100
1425	6963	7226	7103	7100
1426	6964	7226	7104	7101
1427	6964	7227	7105	7102
1428	6965	7229	7106	7103
1429	6966	7230	7107	7104
1430	6967	7231	7108	7105
1431	6967	7232	7109	7105
1432	6968	7233	7110	7106
1433	6969	7233	7110	7107
1434	6970	7233	7111	7108
1435	6971	7234	7112	7109
1436	6972	7235	7113	7109
1437	6973	7235	7113	7110
1438	6974	7235	7114	7111
1439	6975	7236	7115	7112
1440	6975	7236	7115	7113
1441	6976	7237	7116	7113
1442	6978	7238	7117	7114
1443	6978	7238	7117	7115
1444	6979	7239	7118	7116
1445	6980	7240	7119	7117
1446	6980	7241	7120	7118
1447	6981	7242	7121	7118
1448	6982	7242	7122	7119
1449	6983	7243	7123	7120
1450	6984	7244	7123	7121
1451	6985	7244	7124	7122
1452	6987	7245	7125	7123
1453	6988	7246	7126	7123
1454	6989	7246	7127	7124
1455	6990	7247	7128	7125
1456	6991	7247	7129	7126
1457	6992	7248	7129	7127
1458	6992	7249	7130	7128
1459	6994	7250	7131	7128
1460	6995	7252	7132	7129
1461	6996	7252	7133	7130
1462	6997	7253	7134	7131
1463	6998	7253	7135	7132
1464	6999	7254	7135	7133
1465	7000	7255	7136	7133
1466	7002	7256	7137	7134
1467	7003	7256	7138	7135
1468	7003	7257	7139	7136
1469	7005	7257	7140	7137
1470	7005	7258	7140	7138
1471	7007	7259	7141	7138
1472	7008	7260	7142	7139
1473	7008	7261	7143	7140
1474	7009	7262	7144	7141
1475	7010	7262	7145	7142
1476	7010	7263	7146	7143
1477	7011	7264	7146	7143
1478	7012	7265	7147	7144
1479	7012	7266	7148	7145
1480	7013	7267	7149	7146
1481	7014	7268	7149	7147
1482	7015	7268	7150	7148
1483	7017	7269	7151	7148
1484	7018	7270	7152	7149
1485	7019	7270	7152	7150
1486	7021	7271	7153	7151
1487	7022	7271	7154	7152
1488	7023	7272	7155	7153
1489	7024	7273	7156	7154
1490	7025	7275	7156	7154
1491	7026	7275	7157	7155
1492	7027	7276	7158	7156
1493	7028	7277	7159	7157
1494	7029	7277	7159	7158
1495	7029	7278	7160	7159
1496	7030	7279	7161	7159
1497	7031	7280	7162	7160
1498	7032	7280	7163	7161
1499	7033	7281	7164	7162
1500	7033	7282	7165	7163
1501	7035	7283	7165	7164
1502	7036	7283	7166	7164
1503	7037	7283	7167	7165
1504	7038	7284	7168	7166
1505	7038	7285	7169	7167
1506	7039	7286	7169	7168
1507	7040	7287	7170	7168
1508	7040	7287	7171	7169
1509	7041	7288	7172	7170
1510	7042	7289	7173	7171
1511	7043	7289	7174	7172
1512	7044	7290	7174	7173
1513	7045	7291	7175	7174
1514	7046	7292	7176	7174
1515	7047	7293	7177	7175
1516	7047	7294	7178	7176
1517	7049	7295	7178	7177
1518	7050	7295	7179	7178
1519	7050	7296	7181	7179
1520	7051	7297	7181	7180
1521	7051	7298	7182	7180
1522	7053	7299	7183	7181
1523	7053	7300	7184	7182
1524	7055	7300	7185	7183
1525	7056	7301	7186	7184
1526	7057	7301	7187	7185
1527	7058	7303	7188	7185
1528	7058	7303	7189	7186
1529	7059	7304	7190	7187
1530	7061	7305	7191	7188
1531	7061	7306	7191	7189
1532	7062	7307	7192	7190
1533	7064	7308	7193	7190
1534	7065	7308	7194	7191
1535	7066	7309	7195	7192
1536	7067	7310	7196	7193
1537	7068	7310	7197	7194
1538	7070	7311	7197	7195
1539	7071	7312	7198	7195
1540	7072	7313	7199	7196
1541	7073	7314	7200	7197
1542	7073	7314	7201	7198
1543	7074	7315	7202	7199
1544	7075	7316	7203	7200
1545	7076	7316	7204	7201
1546	7078	7317	7204	7201
1547	7079	7318	7205	7202
1548	7080	7318	7206	7203
1549	7081	7319	7207	7204
1550	7082	7321	7208	7205
1551	7083	7321	7209	7206
1552	7084	7322	7210	7206
1553	7085	7323	7210	7207
1554	7086	7323	7211	7208
1555	7087	7324	7212	7209
1556	7088	7325	7213	7210
1557	7089	7326	7214	7211
1558	7090	7326	7214	7212
1559	7091	7327	7215	7212
1560	7091	7328	7216	7213
1561	7092	7329	7217	7214
1562	7093	7330	7218	7215
1563	7093	7330	7219	7216
1564	7095	7331	7220	7217
1565	7096	7332	7221	7218
1566	7096	7333	7222	7219
1567	7097	7334	7223	7219
1568	7098	7335	7224	7220
1569	7100	7336	7225	7221
1570	7100	7337	7226	7222
1571	7101	7338	7226	7223
1572	7102	7338	7227	7224
1573	7103	7339	7228	7225
1574	7104	7340	7229	7225
1575	7106	7341	7230	7226
1576	7106	7342	7231	7227
1577	7108	7343	7232	7228
1578	7109	7343	7232	7229
1579	7110	7344	7233	7230
1580	7111	7345	7234	7231
1581	7112	7345	7235	7231
1582	7113	7346	7236	7232
1583	7113	7346	7237	7233
1584	7114	7347	7237	7234
1585	7115	7347	7238	7235
1586	7116	7347	7239	7235
1587	7117	7349	7240	7236
1588	7117	7349	7240	7237
1589	7118	7350	7241	7238
1590	7119	7351	7242	7239
1591	7121	7352	7243	7240
1592	7123	7353	7244	7240
1593	7124	7354	7245	7241
1594	7125	7354	7246	7242
1595	7126	7355	7247	7243
1596	7127	7356	7248	7244
1597	7128	7357	7249	7245
1598	7129	7357	7249	7245
1599	7130	7358	7250	7246
1600	7131	7358	7251	7247
1601	7133	7359	7252	7248
1602	7134	7360	7253	7249
1603	7135	7361	7254	7250
1604	7137	7362	7255	7250
1605	7138	7363	7256	7251
1606	7138	7363	7256	7252
1607	7140	7364	7257	7253
1608	7141	7364	7258	7254
1609	7141	7365	7258	7255
1610	7142	7366	7259	7255
1611	7144	7366	7260	7256
1612	7144	7367	7261	7257
1613	7145	7368	7262	7258
1614	7147	7369	7262	7259
1615	7148	7370	7263	7260
1616	7148	7371	7264	7261
1617	7148	7372	7264	7261
1618	7149	7372	7265	7262
1619	7150	7373	7266	7263
1620	7150	7374	7267	7264
1621	7152	7375	7268	7265
1622	7154	7376	7268	7266
1623	7155	7376	7270	7267
1624	7156	7377	7270	7267
1625	7157	7377	7271	7268
1626	7158	7378	7272	7269
1627	7159	7379	7273	7270
1628	7159	7379	7274	7271
1629	7161	7380	7275	7272
1630	7162	7381	7276	7273
1631	7162	7381	7276	7273
1632	7164	7381	7277	7274
1633	7165	7382	7278	7275
1634	7166	7383	7279	7276
1635	7166	7384	7280	7277
1636	7167	7384	7280	7278
1637	7168	7385	7281	7278
1638	7169	7386	7282	7279
1639	7170	7387	7283	7280
1640	7171	7388	7284	7281
1641	7172	7388	7284	7282
1642	7173	7389	7285	7283
1643	7174	7390	7286	7283
1644	7174	7390	7286	7284
1645	7175	7391	7287	7285
1646	7177	7392	7288	7286
1647	7178	7393	7289	7287
1648	7179	7394	7289	7288
1649	7180	7395	7290	7288
1650	7181	7395	7291	7289
1651	7182	7396	7292	7290
1652	7183	7396	7293	7291
1653	7184	7397	7294	7292
1654	7185	7398	7295	7293
1655	7186	7398	7296	7293
1656	7187	7399	7297	7294
1657	7188	7399	7298	7295
1658	7190	7400	7298	7296
1659	7190	7401	7299	7297
1660	7191	7401	7300	7298
1661	7192	7402	7301	7299
1662	7193	7403	7302	7299
1663	7194	7403	7302	7300
1664	7196	7404	7303	7301
1665	7197	7404	7304	7302
1666	7198	7405	7305	7303
1667	7199	7405	7306	7304
1668	7200	7406	7307	7305
1669	7201	7407	7308	7305
1670	7202	7408	7308	7306
1671	7203	7408	7309	7307
1672	7205	7409	7310	7308
1673	7205	7410	7311	7309
1674	7207	7410	7312	7310
1675	7208	7411	7313	7311
1676	7209	7412	7314	7312
1677	7210	7413	7315	7313
1678	7211	7414	7315	7314
1679	7211	7415	7316	7314
1680	7213	7416	7317	7315
1681	7214	7416	7318	7316
1682	7215	7417	7319	7317
1683	7215	7418	7320	7318
1684	7217	7419	7322	7319
1685	7217	7419	7323	7320
1686	7218	7420	7324	7321
1687	7218	7421	7325	7322
1688	7219	7421	7326	7323
1689	7220	7422	7327	7324
1690	7220	7423	7328	7325
1691	7222	7424	7329	7326
1692	7223	7425	7330	7327
1693	7224	7426	7331	7328
1694	7225	7427	7332	7329
1695	7226	7428	7334	7330
1696	7227	7429	7335	7331
1697	7228	7430	7336	7332
1698	7229	7431	7337	7333
1699	7230	7432	7338	7334
1700	7231	7434	7340	7335
1701	7233	7434	7341	7336
1702	7234	7435	7342	7337
1703	7235	7436	7343	7338
1704	7236	7436	7344	7339
1705	7238	7437	7345	7340
1706	7239	7437	7346	7341
1707	7240	7439	7347	7342
1708	7240	7440	7348	7343
1709	7241	7440	7350	7344
1710	7242	7441	7351	7345
1711	7244	7442	7352	7346
1712	7245	7442	7353	7347
1713	7246	7443	7354	7348
1714	7247	7445	7355	7349
1715	7248	7446	7356	7350
1716	7248	7447	7357	7351
1717	7249	7448	7358	7352
1718	7250	7449	7360	7353
1719	7250	7450	7361	7354
1720	7251	7451	7362	7355
1721	7253	7452	7363	7356
1722	7254	7452	7364	7357
1723	7255	7453	7365	7358
1724	7257	7453	7367	7359
1725	7258	7454	7368	7360
1726	7259	7455	7369	7361
1727	7259	7456	7370	7362
1728	7260	7456	7371	7363
1729	7261	7457	7372	7364
1730	7262	7458	7373	7365
1731	7263	7459	7374	7366
1732	7264	7460	7375	7367
1733	7266	7461	7377	7368
1734	7266	7461	7378	7368
1735	7267	7462	7379	7369
1736	7268	7463	7380	7370
1737	7270	7463	7381	7371
1738	7272	7464	7382	7372
1739	7273	7465	7383	7373
1740	7274	7466	7385	7374
1741	7275	7467	7386	7375
1742	7276	7468	7387	7376
1743	7277	7468	7388	7377
1744	7278	7469	7389	7378
1745	7279	7470	7390	7379
1746	7280	7470	7392	7380
1747	7281	7471	7393	7381
1748	7282	7472	7394	7382
1749	7284	7473	7395	7383
1750	7285	7473	7396	7384
1751	7286	7475	7397	7385
1752	7286	7475	7398	7386
1753	7288	7476	7399	7387
1754	7289	7477	7400	7388
1755	7290	7478	7401	7389
1756	7291	7479	7402	7390
1757	7292	7480	7404	7391
1758	7293	7480	7405	7392
1759	7294	7481	7406	7393
1760	7294	7482	7407	7394
1761	7295	7482	7408	7395
1762	7297	7483	7409	7396
1763	7298	7484	7410	7397
1764	7300	7485	7411	7398
1765	7301	7486	7412	7399
1766	7302	7487	7414	7400
1767	7303	7488	7415	7401
1768	7304	7489	7416	7402
1769	7305	7490	7417	7403
1770	7306	7491	7418	7404
1771	7308	7492	7419	7405
1772	7310	7493	7420	7406
1773	7311	7494	7421	7407
1774	7312	7494	7422	7408
1775	7313	7495	7423	7409
1776	7314	7496	7424	7410
1777	7315	7497	7425	7411
1778	7316	7498	7426	7412
1779	7317	7499	7427	7413
1780	7318	7500	7428	7414
1781	7319	7501	7429	7415
1782	7320	7502	7429	7415
1783	7321	7503	7430	7416
1784	7322	7504	7431	7417
1785	7322	7504	7432	7418
1786	7324	7505	7433	7419
1787	7325	7506	7434	7420
1788	7326	7507	7435	7421
1789	7327	7508	7436	7422
1790	7328	7509	7436	7423
1791	7328	7510	7437	7423
1792	7329	7511	7438	7424
1793	7330	7512	7439	7425
1794	7330	7514	7440	7426
1795	7331	7514	7440	7427
1796	7331	7515	7441	7427
1797	7332	7516	7442	7428
1798	7333	7517	7443	7429
1799	7333	7518	7443	7430
1800	7334	7519	7444	7431
1801	7335	7520	7445	7431
1802	7335	7522	7445	7432
1803	7336	7523	7446	7433
1804	7337	7524	7447	7434
1805	7338	7525	7448	7435
1806	7339	7525	7449	7435
1807	7339	7527	7449	7436
1808	7340	7528	7450	7437
1809	7341	7529	7451	7438
1810	7342	7530	7451	7439
1811	7343	7531	7452	7440
1812	7343	7532	7452	7440
1813	7344	7534	7453	7441
1814	7345	7534	7454	7442
1815	7346	7536	7455	7443
1816	7346	7537	7455	7444
1817	7347	7538	7456	7445
1818	7348	7539	7457	7445
1819	7348	7541	7458	7446
1820	7349	7542	7458	7447
1821	7350	7543	7459	7448
1822	7350	7544	7460	7449
1823	7351	7545	7460	7450
1824	7352	7546	7461	7450
1825	7353	7548	7462	7451
1826	7354	7549	7463	7452
1827	7355	7550	7463	7453
1828	7355	7550	7464	7454
1829	7356	7552	7465	7455
1830	7357	7553	7465	7456
1831	7358	7553	7466	7456
1832	7359	7554	7467	7457
1833	7359	7555	7468	7458
1834	7360	7556	7468	7459
1835	7361	7556	7469	7460
1836	7362	7557	7470	7461
1837	7363	7558	7471	7462
1838	7363	7559	7472	7462
1839	7364	7560	7472	7463
1840	7364	7561	7473	7464
1841	7365	7562	7474	7465
1842	7367	7563	7475	7466
1843	7368	7564	7476	7467
1844	7369	7565	7477	7468
1845	7370	7566	7478	7469
1846	7370	7567	7479	7470
1847	7372	7568	7479	7470
1848	7372	7569	7480	7471
1849	7372	7570	7481	7472
1850	7373	7571	7482	7473
1851	7373	7572	7483	7474
1852	7374	7573	7483	7475
1853	7375	7574	7484	7476
1854	7375	7575	7485	7477
1855	7376	7576	7486	7478
1856	7377	7577	7487	7478
1857	7378	7578	7488	7479
1858	7378	7579	7488	7480
1859	7379	7580	7489	7481
1860	7380	7580	7490	7482
1861	7381	7582	7491	7483
1862	7382	7582	7492	7484
1863	7383	7583	7493	7485
1864	7384	7584	7493	7485
1865	7384	7585	7494	7486
1866	7385	7586	7495	7487
1867	7386	7587	7496	7488
1868	7387	7588	7497	7489
1869	7388	7588	7497	7490
1870	7389	7589	7498	7491
1871	7390	7591	7499	7492
1872	7391	7592	7500	7492
1873	7391	7593	7501	7493
1874	7392	7594	7501	7494
1875	7393	7594	7502	7495
1876	7394	7595	7503	7496
1877	7395	7596	7504	7497
1878	7395	7597	7504	7498
1879	7396	7598	7505	7499
1880	7397	7600	7506	7499
1881	7398	7601	7507	7500
1882	7399	7601	7508	7501
1883	7400	7602	7509	7502
1884	7401	7603	7510	7503
1885	7402	7604	7510	7504
1886	7402	7605	7511	7505
1887	7403	7606	7512	7505
1888	7404	7607	7513	7506
1889	7404	7608	7513	7507
1890	7405	7609	7514	7508
1891	7406	7610	7515	7509
1892	7406	7611	7516	7510
1893	7407	7612	7517	7511
1894	7408	7613	7518	7512
1895	7408	7613	7518	7513
1896	7409	7614	7519	7513
1897	7410	7615	7520	7514
1898	7410	7616	7521	7515
1899	7411	7617	7522	7516
1900	7412	7618	7523	7517
1901	7413	7619	7523	7518
1902	7414	7620	7524	7519
1903	7415	7621	7525	7520
1904	7415	7622	7526	7521
1905	7416	7623	7526	7521
1906	7417	7624	7527	7522
1907	7418	7625	7528	7523
1908	7418	7626	7529	7524
1909	7419	7627	7530	7525
1910	7420	7628	7531	7526
1911	7421	7629	7531	7527
1912	7422	7629	7532	7528
1913	7423	7630	7533	7528
1914	7424	7631	7534	7529
1915	7425	7632	7535	7530
1916	7425	7633	7536	7531
1917	7426	7634	7537	7532
1918	7427	7635	7537	7533
1919	7428	7635	7538	7534
1920	7429	7636	7539	7535
1921	7429	7638	7540	7535
1922	7430	7638	7540	7536
1923	7431	7640	7541	7537
1924	7433	7640	7542	7538
1925	7434	7641	7543	7539
1926	7434	7642	7544	7540
1927	7434	7644	7544	7541
1928	7435	7645	7545	7542
1929	7436	7646	7546	7542
1930	7436	7647	7547	7543
1931	7437	7648	7548	7544
1932	7438	7649	7549	7545
1933	7440	7650	7549	7546
1934	7441	7651	7550	7547
1935	7442	7652	7551	7548
1936	7443	7653	7552	7549
1937	7444	7654	7552	7549
1938	7444	7655	7553	7550
1939	7445	7656	7554	7551
1940	7445	7657	7555	7552
1941	7446	7658	7556	7553
1942	7447	7659	7557	7554
1943	7448	7660	7558	7555
1944	7449	7661	7559	7556
1945	7450	7663	7560	7557
1946	7452	7664	7561	7559
1947	7452	7665	7562	7560
1948	7453	7666	7563	7561
1949	7454	7667	7564	7562
1950	7455	7668	7564	7563
1951	7455	7669	7566	7564
1952	7456	7670	7567	7565
1953	7456	7671	7568	7566
1954	7457	7672	7569	7567
1955	7458	7673	7570	7568
1956	7460	7673	7571	7570
1957	7461	7675	7572	7571
1958	7463	7675	7573	7572
1959	7464	7677	7574	7573
1960	7464	7678	7575	7574
1961	7464	7679	7576	7575
1962	7465	7680	7577	7576
1963	7467	7681	7579	7577
1964	7468	7682	7580	7578
1965	7469	7683	7581	7580
1966	7470	7684	7582	7581
1967	7471	7686	7583	7582
1968	7472	7687	7584	7583
1969	7473	7688	7585	7584
1970	7474	7689	7586	7585
1971	7474	7689	7588	7586
1972	7475	7691	7589	7587
1973	7475	7691	7590	7588
1974	7476	7692	7591	7589
1975	7477	7693	7592	7590
1976	7479	7694	7593	7591
1977	7479	7696	7594	7592
1978	7480	7697	7595	7594
1979	7481	7698	7596	7595
1980	7482	7698	7597	7596
1981	7483	7699	7598	7597
1982	7483	7700	7599	7598
1983	7485	7701	7600	7599
1984	7485	7703	7601	7600
1985	7486	7704	7602	7601
1986	7488	7706	7603	7602
1987	7489	7707	7605	7603
1988	7490	7709	7606	7604
1989	7490	7709	7607	7605
1990	7491	7710	7608	7607
1991	7492	7711	7609	7608
1992	7493	7712	7610	7609
1993	7494	7713	7611	7610
1994	7495	7714	7612	7611
1995	7496	7715	7613	7612
1996	7497	7717	7615	7613
1997	7498	7718	7616	7614
1998	7499	7719	7617	7615
1999	7500	7720	7618	7617
2000	7500	7721	7619	7618
2001	7501	7722	7620	7619
2002	7502	7723	7621	7620
2003	7503	7724	7622	7621
2004	7505	7725	7623	7622
2005	7505	7727	7624	7623
2006	7506	7728	7625	7624
2007	7507	7729	7626	7625
2008	7508	7730	7627	7626
2009	7508	7731	7628	7627
2010	7510	7732	7629	7628
2011	7511	7732	7630	7629
2012	7512	7733	7631	7630
2013	7513	7735	7632	7632
2014	7514	7735	7633	7633
2015	7515	7736	7634	7634
2016	7516	7738	7635	7635
2017	7517	7740	7636	7636
2018	7517	7741	7637	7637
2019	7518	7741	7638	7638
2020	7520	7742	7639	7639
2021	7521	7744	7640	7640
2022	7522	7745	7641	7642
2023	7522	7745	7642	7643
2024	7523	7747	7643	7644
2025	7525	7747	7645	7645
2026	7525	7748	7646	7646
2027	7526	7750	7647	7647
2028	7528	7752	7648	7648
2029	7529	7753	7649	7649
2030	7530	7754	7650	7650
2031	7530	7754	7651	7651
2032	7531	7756	7652	7652
2033	7532	7756	7653	7653
2034	7533	7758	7654	7654
2035	7533	7760	7655	7656
2036	7534	7761	7656	7657
2037	7535	7761	7657	7658
2038	7535	7762	7658	7659
2039	7536	7763	7659	7660
2040	7537	7764	7660	7661
2041	7538	7765	7661	7662
2042	7538	7766	7662	7663
2043	7540	7767	7664	7664
2044	7541	7768	7665	7665
2045	7542	7769	7666	7666
2046	7543	7771	7667	7667
2047	7544	7772	7668	7669
2048	7545	7773	7669	7670
2049	7545	7774	7670	7671
2050	7546	7775	7671	7672
2051	7547	7776	7672	7673
2052	7548	7777	7673	7674
2053	7548	7778	7674	7675
2054	7550	7779	7675	7676
2055	7551	7780	7676	7677
2056	7551	7781	7678	7678
2057	7552	7782	7679	7680
2058	7552	7783	7680	7681
2059	7553	7784	7681	7682
2060	7554	7785	7682	7683
2061	7554	7786	7683	7684
2062	7556	7787	7684	7685
2063	7557	7788	7686	7686
2064	7558	7789	7687	7687
2065	7559	7791	7688	7688
2066	7560	7791	7689	7690
2067	7561	7791	7690	7691
2068	7562	7793	7691	7692
2069	7563	7794	7692	7693
2070	7563	7795	7693	7694
2071	7565	7796	7694	7695
2072	7567	7798	7696	7697
2073	7568	7799	7698	7698
2074	7571	7800	7699	7699
2075	7572	7801	7700	7700
2076	7573	7803	7702	7702
2077	7575	7804	7704	7703
2078	7577	7805	7705	7704
2079	7578	7807	7706	7705
2080	7579	7808	7707	7706
2081	7581	7809	7709	7708
2082	7581	7810	7710	7709
2083	7583	7810	7711	7710
2084	7585	7812	7713	7711
2085	7586	7813	7714	7713
2086	7587	7815	7715	7714
2087	7588	7817	7717	7715
2088	7590	7818	7718	7716
2089	7591	7820	7720	7718
2090	7593	7822	7721	7719
2091	7594	7823	7722	7720
2092	7595	7824	7724	7721
2093	7596	7825	7725	7723
2094	7597	7826	7726	7724
2095	7598	7827	7727	7725
2096	7599	7828	7728	7726
2097	7601	7828	7730	7727
2098	7603	7829	7731	7729
2099	7605	7830	7732	7730
2100	7606	7831	7734	7731
2101	7608	7832	7735	7732
2102	7610	7833	7736	7734
2103	7611	7834	7737	7735
2104	7612	7835	7739	7736
2105	7613	7836	7740	7737
2106	7615	7837	7741	7739
2107	7615	7838	7742	7740
2108	7617	7840	7743	7741
2109	7618	7842	7744	7743
2110	7620	7842	7745	7744
2111	7621	7843	7747	7745
2112	7622	7845	7748	7746
2113	7623	7846	7750	7748
2114	7625	7847	7751	7749
2115	7627	7848	7752	7750
2116	7628	7849	7753	7751
2117	7629	7850	7754	7752
2118	7630	7852	7756	7754
2119	7631	7853	7757	7755
2120	7633	7855	7758	7756
2121	7635	7856	7759	7757
2122	7638	7857	7761	7759
2123	7640	7857	7762	7760
2124	7641	7858	7763	7761
2125	7643	7860	7765	7762
2126	7644	7860	7766	7764
2127	7646	7861	7767	7765
2128	7647	7862	7768	7766
2129	7647	7864	7769	7767
2130	7649	7865	7770	7768
2131	7651	7866	7772	7770
2132	7652	7866	7773	7771
2133	7654	7866	7774	7772
2134	7655	7868	7775	7773
2135	7657	7869	7776	7774
2136	7660	7870	7778	7776
2137	7660	7871	7779	7777
2138	7661	7872	7780	7778
2139	7662	7873	7782	7779
2140	7664	7874	7783	7781
2141	7664	7875	7784	7782
2142	7666	7876	7786	7783
2143	7667	7877	7787	7784
2144	7669	7878	7788	7786
2145	7670	7879	7790	7787
2146	7672	7880	7791	7788
2147	7673	7881	7792	7789
2148	7674	7882	7794	7790
2149	7674	7884	7795	7792
2150	7676	7885	7797	7793
2151	7677	7887	7798	7794
2152	7679	7889	7799	7795
2153	7681	7890	7800	7797
2154	7683	7891	7802	7798
2155	7684	7892	7803	7799
2156	7686	7893	7804	7801
2157	7687	7895	7806	7802
2158	7687	7897	7807	7803
2159	7689	7898	7808	7804
2160	7689	7899	7810	7806
2161	7691	7900	7811	7807
2162	7693	7902	7812	7808
2163	7695	7902	7813	7809
2164	7696	7904	7814	7811
2165	7698	7905	7816	7812
2166	7699	7906	7818	7813
2167	7700	7906	7819	7814
2168	7702	7908	7820	7816
2169	7704	7908	7821	7817
2170	7705	7910	7823	7818
2171	7706	7910	7824	7820
2172	7707	7911	7825	7821
2173	7708	7912	7826	7822
2174	7710	7913	7828	7823
2175	7711	7915	7829	7825
2176	7713	7916	7830	7826
2177	7714	7918	7832	7827
2178	7716	7919	7833	7828
2179	7716	7921	7834	7829
2180	7717	7922	7835	7831
2181	7719	7923	7836	7832
2182	7720	7924	7838	7833
2183	7722	7925	7839	7834
2184	7723	7926	7840	7836
2185	7724	7927	7842	7837
2186	7725	7928	7844	7838
2187	7726	7930	7845	7839
2188	7727	7931	7846	7840
2189	7727	7932	7848	7842
2190	7728	7933	7849	7843
2191	7729	7933	7850	7844
2192	7730	7934	7851	7845
2193	7731	7935	7852	7847
2194	7732	7936	7854	7848
2195	7734	7937	7855	7849
2196	7735	7938	7856	7851
2197	7736	7940	7858	7852
2198	7737	7941	7859	7853
2199	7739	7943	7860	7854
2200	7739	7945	7862	7856
2201	7741	7945	7863	7857
2202	7743	7946	7864	7858
2203	7746	7947	7865	7859
2204	7746	7948	7866	7861
2205	7748	7949	7867	7862
2206	7749	7949	7869	7863
2207	7750	7951	7870	7865
2208	7752	7952	7871	7866
2209	7753	7953	7873	7867
2210	7754	7954	7874	7868
2211	7755	7955	7875	7870
2212	7756	7956	7877	7871
2213	7757	7957	7878	7872
2214	7759	7958	7879	7873
2215	7761	7959	7880	7875
2216	7761	7960	7882	7876
2217	7763	7962	7883	7877
2218	7765	7963	7884	7879
2219	7766	7964	7885	7880
2220	7767	7966	7886	7881
2221	7768	7967	7888	7882
2222	7769	7968	7889	7884
2223	7771	7969	7890	7885
2224	7772	7969	7892	7886
2225	7773	7971	7893	7887
2226	7775	7972	7895	7889
2227	7776	7973	7896	7890
2228	7778	7974	7897	7891
2229	7778	7975	7899	7892
2230	7780	7976	7900	7894
2231	7782	7976	7901	7895
2232	7783	7977	7902	7896
2233	7784	7978	7904	7897
2234	7786	7978	7905	7899
2235	7788	7979	7907	7900
2236	7789	7980	7908	7901
2237	7791	7981	7909	7902
2238	7793	7982	7911	7904
2239	7794	7983	7912	7905
2240	7795	7984	7913	7906
2241	7797	7985	7914	7907
2242	7799	7986	7916	7909
2243	7801	7987	7917	7910
2244	7802	7988	7918	7911
2245	7804	7988	7919	7912
2246	7805	7990	7921	7914
2247	7806	7991	7922	7915
2248	7807	7992	7923	7916
2249	7808	7993	7924	7917
2250	7808	7995	7926	7919
2251	7810	7996	7927	7920
2252	7812	7996	7928	7921
2253	7813	7997	7929	7922
2254	7815	7998	7931	7924
2255	7816	7998	7932	7925
2256	7817	7999	7933	7926
2257	7819	8000	7935	7928
2258	7821	8001	7936	7929
2259	7821	8002	7937	7930
2260	7822	8003	7939	7931
2261	7825	8004	7940	7933
2262	7826	8004	7941	7934
2263	7828	8005	7942	7935
2264	7830	8007	7943	7936
2265	7831	8008	7945	7937
2266	7832	8009	7946	7939
2267	7833	8010	7947	7940
2268	7834	8011	7949	7941
2269	7835	8012	7950	7942
2270	7836	8013	7951	7944
2271	7838	8014	7953	7945
2272	7840	8015	7954	7946
2273	7841	8016	7955	7947
2274	7843	8017	7956	7949
2275	7845	8018	7957	7950
2276	7847	8019	7959	7951
2277	7850	8020	7960	7952
2278	7851	8021	7961	7954
2279	7852	8022	7963	7955
2280	7853	8023	7964	7956
2281	7854	8024	7965	7957
2282	7856	8025	7966	7959
2283	7857	8027	7968	7960
2284	7858	8028	7969	7961
2285	7859	8029	7970	7962
2286	7860	8030	7971	7964
2287	7861	8031	7973	7965
2288	7862	8032	7974	7966
2289	7863	8034	7975	7967
2290	7864	8036	7977	7969
2291	7865	8037	7978	7970
2292	7866	8038	7979	7971
2293	7868	8039	7981	7972
2294	7869	8041	7982	7974
2295	7870	8043	7983	7975
2296	7871	8045	7985	7976
2297	7872	8047	7986	7977
2298	7873	8049	7987	7979
2299	7874	8051	7989	7980
2300	7875	8053	7990	7981
2301	7876	8055	7992	7983
2302	7878	8056	7993	7984
2303	7879	8057	7994	7985
2304	7880	8059	7996	7987
2305	7880	8061	7997	7988
2306	7881	8062	7999	7989
2307	7882	8064	8000	7991
2308	7883	8065	8002	7992
2309	7884	8067	8003	7993
2310	7885	8069	8004	7994
2311	7886	8070	8006	7996
2312	7888	8072	8007	7997
2313	7889	8073	8009	7998
2314	7890	8074	8010	8000
2315	7891	8076	8011	8001
2316	7892	8077	8013	8002
2317	7893	8079	8014	8004
2318	7893	8081	8016	8005
2319	7894	8083	8017	8006
2320	7895	8085	8018	8008
2321	7896	8085	8020	8009
2322	7897	8087	8021	8010
2323	7898	8089	8023	8012
2324	7899	8090	8024	8013
2325	7900	8091	8026	8014
2326	7900	8092	8027	8016
2327	7902	8094	8028	8017
2328	7903	8096	8030	8018
2329	7903	8097	8031	8020
2330	7904	8100	8032	8021
2331	7906	8100	8034	8022
2332	7907	8101	8035	8024
2333	7908	8103	8036	8025
2334	7909	8104	8037	8026
2335	7909	8105	8039	8027
2336	7910	8107	8040	8029
2337	7911	8109	8041	8030
2338	7912	8110	8042	8031
2339	7913	8112	8044	8033
2340	7914	8114	8045	8034
2341	7915	8116	8046	8035
2342	7916	8116	8048	8036
2343	7917	8117	8049	8038
2344	7918	8118	8050	8039
2345	7919	8121	8051	8040
2346	7920	8122	8053	8041
2347	7921	8123	8054	8043
2348	7921	8124	8056	8044
2349	7923	8127	8057	8045
2350	7923	8130	8058	8046
2351	7924	8131	8060	8048
2352	7925	8132	8061	8049
2353	7927	8133	8062	8050
2354	7928	8134	8064	8052
2355	7930	8135	8066	8053
2356	7931	8136	8067	8054
2357	7931	8139	8069	8056
2358	7933	8140	8070	8057
2359	7934	8141	8071	8058
2360	7935	8143	8072	8060
2361	7936	8144	8074	8061
2362	7938	8144	8075	8062
2363	7939	8145	8076	8063
2364	7940	8146	8078	8064
2365	7941	8148	8079	8066
2366	7942	8149	8081	8067
2367	7943	8151	8082	8068
2368	7944	8152	8083	8069
2369	7945	8153	8084	8071
2370	7945	8155	8086	8072
2371	7947	8156	8087	8073
2372	7948	8157	8088	8075
2373	7949	8159	8090	8076
2374	7951	8160	8091	8077
2375	7952	8161	8092	8079
2376	7953	8162	8093	8080
2377	7955	8163	8095	8081
2378	7955	8166	8096	8082
2379	7956	8168	8097	8084
2380	7957	8170	8099	8085
2381	7958	8171	8100	8086
2382	7959	8172	8102	8088
2383	7960	8173	8104	8089
2384	7961	8174	8105	8090
2385	7962	8175	8107	8092
2386	7962	8176	8108	8093
2387	7964	8178	8109	8094
2388	7965	8179	8111	8095
2389	7966	8181	8112	8097
2390	7967	8182	8113	8098
2391	7968	8183	8115	8099
2392	7969	8184	8116	8101
2393	7970	8185	8118	8102
2394	7971	8186	8119	8103
2395	7973	8187	8120	8104
2396	7974	8188	8121	8105
2397	7975	8189	8123	8107
2398	7975	8190	8124	8108
2399	7976	8191	8126	8109
2400	7977	8193	8127	8110
2401	7979	8194	8129	8112
2402	7980	8195	8130	8113
2403	7980	8196	8131	8114
2404	7982	8196	8133	8115
2405	7983	8197	8135	8117
2406	7985	8199	8136	8118
2407	7986	8200	8137	8119
2408	7987	8202	8139	8121
2409	7988	8203	8140	8122
2410	7989	8204	8142	8123
2411	7990	8205	8143	8124
2412	7991	8206	8145	8126
2413	7993	8207	8146	8127
2414	7994	8208	8148	8128
2415	7995	8209	8149	8130
2416	7996	8210	8151	8131
2417	7996	8211	8152	8132
2418	7997	8213	8153	8133
2419	7998	8214	8155	8135
2420	8000	8215	8156	8136
2421	8001	8216	8158	8137
2422	8002	8217	8159	8139
2423	8004	8219	8161	8140
2424	8006	8220	8162	8141
2425	8007	8221	8164	8143
2426	8008	8223	8166	8144
2427	8010	8224	8168	8145
2428	8011	8225	8169	8147
2429	8012	8227	8170	8148
2430	8012	8228	8172	8149
2431	8014	8229	8173	8150
2432	8016	8230	8174	8152
2433	8017	8231	8176	8153
2434	8018	8232	8177	8154
2435	8019	8233	8178	8155
2436	8019	8234	8179	8156
2437	8021	8235	8181	8158
2438	8021	8236	8181	8159
2439	8023	8238	8183	8160
2440	8023	8239	8184	8161
2441	8024	8240	8185	8162
2442	8025	8241	8186	8163
2443	8026	8242	8187	8164
2444	8027	8243	8188	8166
2445	8027	8245	8189	8167
2446	8028	8246	8190	8168
2447	8029	8247	8191	8169
2448	8029	8248	8192	8170
2449	8030	8249	8193	8171
2450	8031	8250	8194	8172
2451	8032	8251	8195	8173
2452	8032	8252	8196	8174
2453	8033	8253	8197	8175
2454	8034	8254	8198	8176
2455	8035	8255	8200	8177
2456	8036	8256	8200	8178
2457	8037	8258	8201	8179
2458	8037	8259	8202	8180
2459	8038	8260	8203	8181
2460	8039	8262	8204	8182
2461	8039	8263	8205	8183
2462	8041	8264	8206	8184
2463	8042	8265	8207	8185
2464	8043	8266	8208	8186
2465	8043	8267	8209	8187
2466	8044	8268	8210	8188
2467	8045	8270	8211	8189
2468	8046	8271	8212	8191
2469	8046	8273	8212	8192
2470	8047	8274	8213	8193
2471	8048	8275	8214	8194
2472	8049	8277	8215	8195
2473	8050	8277	8216	8196
2474	8051	8278	8217	8197
2475	8051	8279	8218	8198
2476	8052	8281	8219	8199
2477	8053	8282	8220	8200
2478	8053	8284	8221	8201
2479	8053	8286	8221	8202
2480	8054	8286	8222	8203
2481	8055	8288	8223	8204
2482	8056	8288	8224	8205
2483	8057	8289	8225	8206
2484	8058	8291	8226	8207
2485	8059	8292	8227	8208
2486	8059	8293	8228	8209
2487	8059	8294	8229	8210
2488	8060	8295	8230	8211
2489	8061	8297	8231	8212
2490	8061	8298	8231	8213
2491	8063	8299	8232	8214
2492	8063	8300	8233	8215
2493	8064	8301	8234	8216
2494	8065	8302	8235	8217
2495	8065	8303	8236	8218
2496	8066	8305	8237	8219
2497	8067	8305	8238	8220
2498	8067	8307	8239	8221
2499	8068	8308	8239	8222
2500	8069	8309	8240	8223
2501	8070	8310	8242	8224
2502	8070	8311	8243	8225
2503	8071	8313	8244	8226
2504	8072	8314	8245	8227
2505	8073	8315	8246	8228
2506	8074	8317	8247	8229
2507	8075	8318	8248	8230
2508	8076	8318	8249	8231
2509	8077	8319	8250	8232
2510	8078	8320	8251	8233
2511	8079	8321	8252	8234
2512	8079	8323	8253	8235
2513	8080	8324	8254	8236
2514	8081	8325	8256	8237
2515	8082	8326	8256	8238
2516	8083	8327	8257	8239
2517	8083	8328	8258	8240
2518	8085	8330	8259	8241
2519	8086	8331	8261	8242
2520	8087	8331	8261	8243
2521	8088	8332	8263	8244
2522	8088	8333	8264	8245
2523	8089	8334	8265	8246
2524	8089	8334	8266	8247
2525	8090	8335	8267	8248
2526	8091	8336	8267	8249
2527	8092	8337	8268	8250
2528	8093	8338	8269	8251
2529	8094	8339	8270	8252
2530	8095	8340	8271	8253
2531	8096	8341	8272	8254
2532	8097	8342	8273	8255
2533	8098	8344	8274	8256
2534	8099	8345	8275	8257
2535	8100	8346	8276	8258
2536	8101	8348	8277	8260
2537	8102	8349	8278	8261
2538	8103	8351	8279	8262
2539	8104	8352	8280	8263
2540	8104	8353	8281	8264
2541	8105	8354	8282	8265
2542	8106	8355	8283	8266
2543	8107	8356	8285	8267
2544	8108	8356	8285	8268
2545	8108	8358	8287	8269
2546	8109	8359	8288	8270
2547	8110	8361	8289	8272
2548	8110	8362	8290	8273
2549	8112	8363	8291	8274
2550	8112	8365	8292	8275
2551	8114	8367	8293	8276
2552	8114	8368	8294	8277
2553	8115	8369	8296	8278
2554	8116	8370	8297	8279
2555	8117	8371	8298	8280
2556	8118	8372	8299	8282
2557	8118	8373	8300	8283
2558	8119	8375	8301	8284
2559	8120	8378	8302	8285
2560	8120	8379	8303	8286
2561	8121	8381	8305	8287
2562	8122	8382	8306	8288
2563	8124	8383	8307	8289
2564	8124	8384	8308	8290
2565	8125	8386	8309	8291
2566	8125	8386	8310	8293
2567	8126	8388	8311	8294
2568	8126	8389	8312	8295
2569	8127	8391	8313	8296
2570	8127	8392	8314	8297
2571	8128	8393	8315	8298
2572	8130	8394	8316	8299
2573	8131	8395	8318	8300
2574	8132	8395	8319	8301
2575	8133	8397	8320	8302
2576	8134	8398	8321	8304
2577	8135	8399	8322	8305
2578	8137	8401	8323	8306
2579	8137	8402	8324	8307
2580	8138	8403	8325	8308
2581	8140	8404	8326	8309
2582	8141	8404	8327	8310
2583	8141	8406	8328	8311
2584	8143	8406	8329	8312
2585	8144	8407	8330	8313
2586	8145	8409	8331	8314
2587	8146	8410	8332	8316
2588	8147	8411	8333	8317
2589	8148	8412	8334	8318
2590	8150	8413	8335	8319
2591	8151	8415	8336	8320
2592	8152	8416	8338	8321
2593	8153	8418	8339	8322
2594	8153	8418	8340	8323
2595	8154	8419	8341	8324
2596	8155	8421	8342	8325
2597	8156	8422	8343	8326
2598	8157	8423	8344	8328
2599	8158	8424	8345	8329
2600	8159	8425	8346	8330
2601	8159	8426	8347	8331
2602	8160	8427	8349	8332
2603	8161	8428	8350	8333
2604	8162	8430	8351	8334
2605	8163	8431	8352	8335
2606	8164	8433	8353	8336
2607	8165	8435	8354	8338
2608	8165	8436	8355	8339
2609	8166	8437	8356	8340
2610	8167	8439	8357	8341
2611	8168	8439	8358	8342
2612	8169	8440	8359	8343
2613	8170	8441	8360	8344
2614	8171	8442	8361	8345
2615	8172	8445	8362	8347
2616	8172	8446	8363	8348
2617	8173	8447	8364	8349
2618	8174	8448	8366	8350
2619	8175	8449	8367	8351
2620	8175	8450	8368	8352
2621	8176	8452	8369	8353
2622	8177	8452	8370	8354
2623	8177	8453	8371	8355
2624	8178	8454	8372	8356
2625	8180	8456	8373	8357
2626	8180	8456	8374	8358
2627	8181	8458	8375	8360
2628	8181	8458	8376	8361
2629	8182	8459	8377	8362
2630	8183	8460	8378	8363
2631	8184	8461	8379	8364
2632	8185	8462	8380	8365
2633	8186	8463	8381	8366
2634	8186	8464	8382	8367
2635	8186	8465	8384	8368
2636	8188	8466	8385	8369
2637	8189	8468	8386	8370
2638	8190	8470	8387	8372
2639	8192	8472	8388	8373
2640	8192	8474	8389	8374
2641	8193	8475	8390	8375
2642	8195	8476	8391	8376
2643	8196	8477	8393	8377
2644	8197	8478	8394	8379
2645	8198	8479	8395	8380
2646	8199	8480	8396	8381
2647	8200	8481	8398	8382
2648	8201	8483	8399	8383
2649	8202	8484	8400	8385
2650	8203	8487	8402	8386
2651	8203	8488	8403	8387
2652	8205	8489	8404	8388
2653	8205	8491	8406	8390
2654	8206	8492	8407	8391
2655	8207	8492	8408	8392
2656	8208	8493	8409	8393
2657	8209	8494	8411	8395
2658	8210	8496	8412	8396
2659	8211	8498	8413	8397
2660	8212	8499	8415	8398
2661	8213	8500	8416	8400
2662	8214	8502	8417	8401
2663	8215	8503	8418	8402
2664	8217	8505	8419	8403
2665	8218	8506	8421	8404
2666	8219	8508	8422	8406
2667	8220	8509	8423	8407
2668	8221	8510	8425	8408
2669	8222	8511	8426	8409
2670	8222	8513	8427	8410
2671	8223	8514	8428	8411
2672	8225	8515	8429	8412
2673	8225	8516	8430	8414
2674	8226	8518	8431	8415
2675	8227	8518	8432	8416
2676	8227	8519	8433	8417
2677	8228	8520	8434	8418
2678	8229	8521	8435	8419
2679	8229	8524	8435	8420
2680	8230	8524	8436	8421
2681	8232	8525	8437	8422
2682	8233	8525	8438	8423
2683	8234	8526	8439	8424
2684	8235	8528	8440	8425
2685	8236	8530	8442	8426
2686	8237	8531	8443	8427
2687	8238	8532	8444	8428
2688	8240	8533	8445	8429
2689	8241	8534	8446	8430
2690	8242	8536	8447	8431
2691	8243	8537	8448	8432
2692	8243	8538	8449	8433
2693	8244	8539	8450	8434
2694	8245	8539	8451	8435
2695	8246	8540	8452	8436
2696	8247	8541	8453	8437
2697	8248	8543	8454	8439
2698	8248	8544	8455	8440
2699	8249	8546	8456	8441
2700	8250	8547	8457	8442
2701	8252	8548	8458	8443
2702	8252	8549	8459	8444
2703	8254	8550	8460	8445
2704	8254	8552	8461	8446
2705	8255	8553	8462	8447
2706	8256	8553	8463	8448
2707	8256	8554	8464	8449
2708	8258	8556	8465	8450
2709	8259	8558	8466	8451
2710	8260	8560	8467	8452
2711	8262	8561	8468	8453
2712	8262	8562	8468	8454
2713	8263	8564	8470	8455
2714	8264	8566	8471	8457
2715	8265	8567	8472	8458
2716	8266	8568	8473	8459
2717	8267	8570	8474	8460
2718	8268	8571	8474	8461
2719	8270	8572	8476	8462
2720	8270	8574	8476	8463
2721	8271	8575	8478	8464
2722	8273	8576	8479	8465
2723	8273	8578	8480	8466
2724	8274	8579	8480	8467
2725	8275	8580	8481	8468
2726	8275	8581	8482	8469
2727	8277	8582	8483	8470
2728	8278	8584	8484	8471
2729	8279	8586	8485	8472
2730	8280	8587	8486	8473
2731	8281	8588	8487	8474
2732	8282	8589	8489	8475
2733	8283	8590	8490	8477
2734	8284	8591	8491	8478
2735	8285	8592	8492	8479
2736	8287	8593	8493	8480
2737	8287	8594	8494	8481
2738	8289	8595	8495	8482
2739	8290	8596	8496	8483
2740	8291	8598	8497	8484
2741	8292	8599	8498	8485
2742	8293	8600	8499	8486
2743	8294	8601	8500	8487
2744	8294	8603	8502	8488
2745	8296	8604	8502	8489
2746	8297	8605	8503	8490
2747	8298	8607	8504	8491
2748	8299	8608	8505	8492
2749	8300	8610	8506	8493
2750	8301	8611	8507	8494
2751	8303	8612	8508	8495
2752	8303	8612	8510	8497
2753	8304	8613	8510	8498
2754	8306	8614	8512	8499
2755	8307	8616	8513	8500
2756	8308	8617	8514	8501
2757	8309	8618	8515	8502
2758	8310	8620	8516	8503
2759	8311	8620	8517	8504
2760	8313	8621	8518	8505
2761	8314	8623	8519	8506
2762	8315	8624	8520	8507
2763	8315	8625	8521	8508
2764	8316	8626	8522	8509
2765	8317	8627	8523	8510
2766	8318	8629	8524	8511
2767	8318	8630	8525	8512
2768	8319	8631	8525	8513
2769	8320	8632	8526	8514
2770	8320	8634	8527	8515
2771	8322	8634	8528	8516
2772	8323	8636	8529	8517
2773	8325	8637	8530	8518
2774	8326	8639	8531	8519
2775	8327	8639	8532	8520
2776	8328	8640	8534	8522
2777	8329	8643	8534	8523
2778	8330	8644	8535	8524
2779	8330	8645	8536	8525
2780	8331	8646	8537	8526
2781	8332	8647	8538	8527
2782	8333	8648	8539	8528
2783	8335	8650	8541	8529
2784	8335	8651	8542	8530
2785	8336	8651	8543	8531
2786	8337	8652	8544	8532
2787	8339	8655	8544	8533
2788	8340	8656	8545	8534
2789	8340	8657	8546	8535
2790	8341	8658	8547	8536
2791	8342	8659	8548	8537
2792	8343	8660	8549	8538
2793	8344	8661	8551	8539
2794	8346	8662	8551	8540
2795	8347	8663	8552	8541
2796	8347	8664	8554	8542
2797	8347	8665	8555	8543
2798	8348	8666	8556	8544
2799	8350	8668	8557	8545
2800	8352	8669	8558	8546
2801	8352	8670	8559	8548
2802	8353	8671	8560	8549
2803	8355	8672	8561	8550
2804	8356	8673	8562	8551
2805	8357	8674	8563	8552
2806	8358	8675	8564	8553
2807	8359	8677	8565	8554
2808	8360	8678	8566	8555
2809	8361	8680	8567	8556
2810	8362	8681	8568	8557
2811	8362	8682	8569	8558
2812	8363	8683	8570	8559
2813	8365	8684	8571	8560
2814	8365	8685	8572	8561
2815	8367	8687	8573	8562
2816	8368	8688	8574	8563
2817	8369	8690	8575	8564
2818	8369	8690	8576	8565
2819	8370	8692	8577	8566
2820	8371	8693	8578	8567
2821	8372	8694	8579	8568
2822	8373	8694	8580	8569
2823	8375	8695	8581	8571
2824	8376	8696	8582	8572
2825	8377	8698	8583	8573
2826	8378	8699	8584	8574
2827	8379	8701	8585	8575
2828	8379	8702	8586	8576
2829	8380	8703	8587	8577
2830	8381	8705	8588	8578
2831	8382	8706	8589	8579
2832	8384	8707	8590	8580
2833	8385	8709	8591	8581
2834	8385	8710	8592	8582
2835	8387	8711	8593	8583
2836	8387	8713	8594	8584
2837	8389	8714	8595	8585
2838	8390	8716	8596	8586
2839	8391	8717	8597	8587
2840	8392	8717	8598	8588
2841	8393	8718	8599	8589
2842	8394	8720	8600	8590
2843	8394	8720	8601	8591
2844	8395	8721	8602	8592
2845	8395	8723	8603	8593
2846	8395	8724	8604	8595
2847	8396	8725	8605	8596
2848	8397	8727	8606	8597
2849	8399	8728	8608	8598
2850	8399	8729	8608	8599
2851	8400	8730	8610	8600
2852	8402	8730	8610	8601
2853	8402	8731	8611	8602
2854	8403	8731	8612	8603
2855	8404	8733	8613	8604
2856	8405	8734	8614	8605
2857	8406	8735	8615	8606
2858	8407	8736	8616	8607
2859	8409	8737	8617	8608
2860	8410	8739	8618	8609
2861	8411	8740	8619	8610
2862	8412	8741	8620	8611
2863	8413	8743	8621	8612
2864	8414	8743	8622	8613
2865	8414	8744	8623	8614
2866	8416	8745	8624	8615
2867	8417	8746	8625	8616
2868	8417	8747	8626	8617
2869	8419	8748	8627	8618
2870	8419	8748	8628	8619
2871	8420	8749	8629	8620
2872	8420	8750	8630	8622
2873	8422	8751	8631	8623
2874	8423	8753	8632	8624
2875	8424	8754	8633	8625
2876	8424	8755	8634	8626
2877	8425	8756	8635	8627
2878	8426	8757	8636	8628
2879	8427	8759	8637	8629
2880	8428	8760	8638	8630
2881	8429	8761	8639	8631
2882	8430	8763	8640	8632
2883	8431	8764	8641	8633
2884	8433	8765	8642	8634
2885	8434	8767	8643	8635
2886	8435	8768	8644	8636
2887	8436	8770	8645	8637
2888	8437	8771	8646	8638
2889	8438	8773	8647	8639
2890	8439	8775	8648	8640
2891	8440	8776	8649	8641
2892	8441	8777	8650	8642
2893	8442	8778	8651	8643
2894	8443	8779	8652	8644
2895	8444	8780	8653	8645
2896	8445	8781	8654	8646
2897	8446	8782	8655	8647
2898	8447	8783	8656	8648
2899	8449	8785	8657	8650
2900	8449	8786	8658	8651
2901	8451	8786	8659	8652
2902	8452	8788	8660	8653
2903	8453	8789	8661	8654
2904	8454	8790	8662	8655
2905	8454	8791	8663	8656
2906	8456	8793	8664	8657
2907	8456	8793	8665	8658
2908	8458	8795	8666	8659
2909	8459	8795	8667	8660
2910	8460	8797	8668	8661
